*	8
--------	1
.	3
0	123
00	4
000	6
0000	29
0000 000	1
0000 0000	4
0000-000	1
0000-0000	1
00000	372
000000	42
0000000	9
00000000	4
000000000	1
00083	503
00116	1
00181	1
0024	1
0031	1
00565	1
00641	1
006610	2
007114	1
00717	1
00721	1
007310	1
00795	1
00877	1
00881	1
00976-7234	1
01010	1
01011	1
01040-9681	1
01041	1
01111	1
01176	1
01230	1
01234	3
012345	1
01581	2
01581-5171	1
01583	1
01650	1
01701-0166	1
01748-9100	2
01757	3
01757-2821	2
01760	1
01778	1
01803	1
01810	4
01810-1008	2
01830	2
01831	2
01840	3
01842	1
01843	1
01845	1
01850	1
01851	1
01853	2
01888-4133	1
02007	1
02026	1
02061	50
02061-0601	2
02061-1674	1
02061-4300	1
02062	3
02109	3
02114	1
02116	1
02132	1
02140	3
02150	3
02184	2
02205	2
02241-3113	1
02241-5787	1
02241-5789	2
02241-7460	1
02250-5126	1
02298	4
02298-1002	3
02301	2
02346	1
02360-4807	1
02453-3483	1
02459	19
02494	1
02494-0587	1
02767	1
02771	1
02818	1
02886	1
02907	1
03003079	1
03016	1
03060	1
03070	1
03079	3
03079-1048	1
03104	2
03108	2
03110	1
031546	1
03784	1
03830	1
05620	1
056679	1
05679	1
06066	2
06067	1
06088	2
06093	1
06103	1
06114	1
06128	2
06320	1
06371	2
06401	1
06460	2
06468	1
06470	1
06477	2
06489	1
06501	1
06511	3
06513-2516	1
06515	1
06516	1
06517-3340	1
06518	1
06601	1
06604	2
06606	1
06610	1
06611	2
06757	1
06770	1
06770-3437	1
06801-1459	1
06810	1
06811	1
06820	2
06824	1
06828	1
06830	13
06831	6
06840	4
06851	17
06854	1
06855	1
06857	1
06870	8
06877	3
06878	3
06880	5
06890-2101	1
06897	1
06901	18
06902	14
06903	4
06905	2
07000	3
07001	2
07002	12
07003	10
07004	10
07006	3
07007	4
07008	2
07010	14
07011	2
070110	1
07012	3
07013	6
07014	5
07015	1
07016	5
07017	6
07020	34
07023	2
07024	43
07026	6
07027	1
07028	3
07029	8
0703	1
07030	140
07030-5773	1
07030-5774	1
07031	1
07032	8
07033	2
07034	1
07035	1
07036	7
070370	1
07039	6
07040	5
07041	3
07042	9
07043	2
07045	1
07047	50
0705	1
07050	5
07052	8
07054	31
07054-5020	2
07055	4
07057	3
07059	1
07060	3
07062	1
07066	1
07067	1
07068	1
07069	3
07070	9
07071	19
07072	3
07073	29
07074	1
07075	1
07076	2
07077	3
07078	7
07079	6
07080	1
07081	1
07083	5
07086	50
07087	43
07088	1
07090	10
07093	41
07094	54
07095	6
07095-0549	1
07095-1304	1
07097	2
07101	13
07101-4523	1
07102	28
07103	3
07103-4154	1
07104	7
07105	8
07106	1
07107	3
07108	3
07109	4
0711	1
07110	1
07111	9
071114	2
07112	2
07114	941
07115	5
07117	1
07123	1
0714	1
07144	7
07172	1
07193	1
07201	37
07201-2114	1
07202	5
07203	8
07205	5
07206	4
07207	3
07208	4
0730	1
07300	1
07302	137
07302-3973	1
07303	4
07304	33
07305	20
07306	60
07307	24
07310	100
07311	3
07351	1
07362	1
07372	1
07376	1
07390	1
07395	3
0740	1
07405	1
07407	1
07410	10
07417	2
07424	3
07430	7
07436	1
07438	2
07440	1
07446	2
07450	5
07458	2
07462	1
07463	1
07470	3
07481	2
07495	1
07502	1
07503	1
07504	2
07512	1
07513	1
07514	1
07524	1
07601	15
07603	1
07604	11
07605	5
07606	1
07607	4
07608	6
07620	1
07621	3
07624	4
07626	1
07628	1
07631	19
07632	31
07640	1
076406	1
07641	1
07642	1
07643	2
07644	3
07645	2
07646	4
07647	5
07647-2311	1
07648	2
07649	1
0765	1
07650	8
07652	12
07653	1
07654	2
07656	3
07657	6
07660	10
07660-2112	1
07661	2
07663	6
07664	1
07666	21
07670	10
07675	3
07677	1
07700	1
07701	4
077011	1
07702	2
07710	3
07712	3
07714	1
07716	1
07719	1
07721	4
07722	2
07724	1
07726	10
07727	3
07728	1
07729	1
07730	1
07731	2
07733	1
07734	1
07735	3
07740	1
07747	2
07748	2
07751	1
07758	1
07801	4
07807	1
07852	1
07853	1
07871	1
078808	1
07901	5
07906	1
07920	4
07928	2
07932	2
07933	1
07936	1
07940	2
07945	1
07960	7
07974	3
07981	4
08000	1
08001	1
08003	12
08005	1
08006-0129	1
08008	1
080111	1
08021	1
08043	2
08046	2
08053	1
08054	1
08060	1
08063	1
08069	1
08080	2
08081	1
08083	5
08086	5
08086-0129	2
08094	1
08102	1
08223	1
08232	1
08360	1
08360-4213	1
08361	1
08401	2
08457	1
08505	1
08512	2
08520	2
08527	5
08535	2
08536	1
08540	5
08540-1515	2
08542	1
08544	1
08550	1
08551	1
08620	1
08638	1
08648	1
08650	2
08650-4909	1
08690	1
08690-1717	1
08691	3
08701	3
08723	2
08724	1
08730	1
08754-2137	1
08757	2
08759	2
08776	1
08807	6
08816	3
08817	5
08820	2
08823	1
08827-4010	1
0883	1
08830	9
08831	2
08837	8
08840	3
08854	7
08857	4
08859	4
0886	1
08861	4
08865	1
08869	1
08872	1
08873	8
08876	8
08879	8
08901	9
08902	2
08904	2
08906	1
09070	1
099999	1
1	3
1*9138	1
100	1
1000	3
10000	1655
100000	4
1000000	1
10001	94429
10002	163964
10003	151807
100038	1
10004	18195
10005	18957
10006	11197
10007	30762
10008	6
10008-3772	1
10008-378	1
10009	135095
10010	64099
10010-3672	1
10011	129632
10012	86720
10013	99691
10014	97313
10015	1
10016	119816
10017	51959
10018	46485
10019	138086
10020	2682
10021	69374
10022	82177
10023	110769
10023-0007	1
10023-6349	1
10024	106772
10025	170638
10026	102838
10027	159338
10028	75716
10029	147793
1003	2
10030	93000
10031	230781
10032	205877
10033	167981
10033-0238	1
10034	156903
10035	92653
100354	1
10036	105714
10037	47546
10038	45518
10039	66406
10039-0188	1
10039-0841	1
10040	173544
10040-0815	1
10041	249
10044	3220
10045	16
10048	277
10050	1
10050-4295	1
10055	14
10063	1
10065	54783
10067	1
10069	3891
100701	1
10075	39621
1008	1
1008-7162	1
10080	1
10087-0001	1
10087-8454	1
10096	4
101	1
10101	7
10101-2135	1
10103	220
10104	8
10105	111
10106	77
10107	97
10108	6
10110	71
10111	145
10112	334
10115	48
10116	15
10116-0313	1
10118	192
10119	600
10120	207
10121	442
10122	43
10123	102
10128	83139
10129	150
10134	1
10138	1
10149	1
10150	6
10151	103
10152	39
10153	125
10154	59
10155	42
10156	1
10158	97
10159	4
10159-1323	1
10162	335
10163	7
10163-4668	3
10165	88
10166	3
10167	50
10168	158
10169	224
10170	42
10171	22
10172	103
10173	57
10174	43
10175	5
10176	28
10177	50
10178	32
10179	16
10185	1
10224	1
10259	2
10270	1
10271	110
10272	1
10272-0992	1
10276	5
10278	183
10279	99
10280	5083
10281	972
10282	3518
10285	1
10301	115664
10302	51967
10303	61624
10304	107184
10305	90178
10306	131217
10307	26465
10308	60025
10309	68199
10310	65067
10312	126235
10313	1
103132	1
10314	175564
10318	1
10333	1
10352	1
10367	1
10396	1
10400	1
10401	1
10402	1
10412	2
10423-0935	1
10426	1
10427	1
10432	1
10435	1
10444	1
10450	1
10451	123317
10452	247192
10453	261606
10454	79502
10455	101793
10456	229915
10457	242707
10458	269642
10459	136396
1046	1
1046-0232	1
10460	174630
10461	137743
10462	182043
10463	177429
10464	19586
10465	91841
10466	178525
10467	316536
10468	253286
10468-0232	1
10469	146747
10470	51142
10471	41755
10472	191750
10473	97892
10474	51797
10475	28899
10476	1
10501	2
10502	10
10504	7
10505	1
10506	4
10507	1
10509	2
10510	4
10512	4
10514	4
10516	2
10520	3
10522	10
10523	32
10523-0935	2
10526	1
10528	10
10530	13
10532	15
10532-1533	1
10533	6
10536	8
10537	1
10538	12
10541	3
10543	15
105457	1
10546	1
10547	2
10548	1
10549	4
10550	51
10550-1202	1
10552	24
10553	16
105550	1
10560	1
10561	1
10562	10
10566	11
10567	3
10568	1
10570	2
10572	1
10573	33
10576	2
10577	5
10577-0800	1
10577-0900	3
10579	1
10580	8
10582	1
10583	43
10589	5
10590	2
10591	36
10594	12
10594-0209	4
10595	8
10598	4
10601	58
10602	3
10602-5055	2
10603	17
10604	12
10604-1205	1
10605	10
10605-1303	1
10606	9
10610	1
1062	1
1065	1
1066	1
107005	1
10701	61
10702	1
10703	12
10704	62
10705	46
10706	4
10707	8
10708	27
10709	1
10710	38
1074	1
10750	1
10801	69
10801-6393	2
10802	1
10803	199
10804	21
10805	21
10850	1
10853	1
10901	2
10913	1
10916	1
10917	4
10920	1
10921	1
10923	1
10924	1
10925	2
10926	1
10929	1
10930	1
10940	6
10941	1
10950	2
10951	1
10952	7
10954	7
10956	7
10960	6
10962	4
10964	2
10965	4
10968	1
10970	3
10977	13
10980	2
10983	2
10984	2
10987	1
10989	2
10990	2
10993	1
10994	3
10PPP	1
11	3
11000	1
110001	1
11001	7995
11001-2024	5
11001-2220	1
11002	1
11003	99
11003-4033	1
11004	23801
110044	1
11005	956
11008	1
1101	3
11010	35
11010-1534	1
11011	5
11012	3
11020	16
11021	87
11023	17
11024	13
11024-1019	1
11027	2
1103	1
11030	49
11030-3409	1
11030-3411	1
11031	1
11037	1
1104	1
11040	5441
11040-4204	1
11040-4609	1
11042	44
11046	1
1105	1
11050	31
11050-4341	1
11054	2
1106	1
11064	1
11091	1
11096	26
11096-0612	2
11101	128829
11101-2011	1
11101-6122	1
11102	75029
11103	89635
11104	57305
11105	82986
11106	85745
11109	2482
11110	1
11111	32
111111	2
11112	1
11122	1
111234	1
11126	1
11137	1
11140	1
111694	1
1120	1
11201	141353
11202	9
11202-0922	1
11203	212504
11204	148849
11205	110960
11206	184085
11207	280612
11208	247054
11209	175467
11210	159684
11211	185785
11212	210844
11212-5368	2
11213	220390
11214	168971
11215	175087
11215-0389	1
11216	214064
11217	119813
11218	164401
11219	146442
11219-0283	1
1122	1
11220	186928
11221	258959
11222	113952
11223	153984
11224	66881
11225	218450
11226	375897
11228	85052
11229	167201
1123	1
11230	202942
11231	88541
11232	76110
11233	224314
11234	196048
11235	188162
11236	174129
11237	170188
11238	189351
11239	10831
11241	87
11242	84
11243	37
11244	1
11247	3
11249	62921
11251	72
112516	1
11253	1
112611	1
1130	2
11307	1
11317	1
11321	1
11324	1
11335	1
11341	1
11343	1
11345	1
11350	1
11352	5
11354	100091
11354-3254	1
11355	126553
11356	60513
11357	83267
11357-1656	1
11358	84553
11359	176
11360	26613
11361	64163
11362	36242
11363	21107
11364	59559
11365	71578
11366	58743
11367	75782
11367-0874	1
11368	168281
11369	77574
11370	49611
113709	1
11371	562
11372	115739
11373	153185
11373-1426	1
11374	81635
11375	130456
11377	162552
11378	102461
11379	83670
11385	260485
11386	8
11390	1
11400	2
11405	1
11408	1
1141	1
11411	41933
11412	81851
11412-2116	1
11413	87185
11414	66481
11415	47453
11416	65239
11417	84037
11418	94780
11419	131422
11419-0191	1
11420	121904
11421	97726
11422	60225
114225	1
11423	69609
11425	1
11426	36275
11427	43914
11428	42253
11429	50751
1143	1
11430	7996
11431	10
11432	131095
11433	94913
11434	123796
11434-420	1
11435	114321
11436	47145
11439	1
11451	2
11452	2
114566	1
11459	1
11472	1
11480	1
1150	1
11501	40
11507	15
11509	4
11510	37
11510-2827	1
11513	1
11514	24
11514-0363	1
11516	29
11518	12
11519	1
11520	61
11521	1
11526	1
11528	1
11530	104
11533	1
11534	1
11535	1
11540	1
11542	32
11543	1
11545	4
11548	3
11549	7
11549-3650	1
11550	59
11550-3646	1
11550-7044	1
11551	1
11552	37
11553	86
11553-0707	1
11553-1423	1
11554	24
11555	1
11556	3
11557	16
11558	17
11559	56
11560	2
11561	53
11561-4717	1
11563	61
11565	17
11566	29
11568	5
11569	3
11570	65
11570-4705	1
11571	1
11572	33
11572-3219	1
11572-5233	1
11575	14
11576	22
11576-1502	1
11577	28
11579	7
11580	150
11581	103
11582	3
11583	2
11584	1
11590	96
11590 5027	1
11590-5027	5
11590-5114	1
11596	7
11597	1
11598	55
11599532	1
115I0	1
11612	1
11636	1
11646	1
11690	2
11691	123865
11692	37797
11693	29208
11694	55340
11695	193
11697	4051
117	1
11701	8
11702	4
11702-3035	1
11703	10
11704	23
11705	1
11706	15
11708	2
11709	3
11710	81
11713	1
11714	22
11714-3561	1
11715	1
11716	11
11716-2501	1
11717	8
11719	5
11720	12
11721	1
11722	12
11723	1
11724	2
11725	45
11725-5710	5
11725-9030	4
11726	12
11727	4
11729	22
11730	3
11731	7
11732	2
11733	4
11735	101
11735-0230	4
11735-0930	1
11735-3931	2
11735-3946	2
11735-9000	2
11735-9030	3
11735-9100	6
11738	5
11739	1
11739100	1
1174	2
11740	1
11741	16
11742	5
11743	27
11746	28
11747	87
11747-3173	1
11747-9001	1
117475002	1
11749	47
11749-1500	1
1175	1
11751	1
11753	22
11754	2
11755	4
11756	28
11756-0215	3
11756-1336	1
11756-1338	1
11756-2015	1
11757	20
11757-0602	2
11757-6062	1
11758	24
11760	1
11762	9
11763	13
11764	1
11765	1
11766	12
11766-0402	2
11767	5
11767-0651	1
11768	5
11769	1
11771	7
11772	10
11772-3518	3
117723518	1
11774	1
11776	42
11777	2
11778	2
11779	28
1178	1
11780	3
11781	1
11782	2
11783	4
11784	6
11787	6
11787-2921	1
11788	39
11789	1
11790	2
11791	39
11791-3416	4
11791-9036	4
11792	1
11793	27
11794	2
11795	6
11796	2
11797	46
11797 9004	1
11797-0004	1
11797-1016	1
11797-2016	1
11797-9001	5
11797-9004	16
11797-9012	4
11798	1
11799	1
11801	44
11802	16
11802-9060	9
11803	51
11804	5
11804-9005	3
11808	1
11809	1
1182-9060	1
118288	1
11841	1
11861	1
11901	6
1191-3416	1
11933	1
11934	1
11937	1
11946	1
11948	1
11949	1
11950	1
11951	2
11959	2
11963	5
11964	1
11967	2
11968	1
11973-5000	1
11980	1
12000	1
12024	1
1203	2
12033	1
12046	1
1207	1
12071	1
1208	1
121220	1
12144	2
12189	1
12202	2
12203	6
12204	2
12205	1
12206	2
12207	1
12207-2543	1
12209	2
12211	1
12212	2
12212-5019	1
12212-5368	1
12214	1
12222	59
12250	2
12255	5
12303	1
12304	1
12309	1
12344	1
12345	47
12346	1
12398	1
12401	1
12402-5240	1
12428	1
12508	1
12515	1
12518	1
12524	2
12525	1
12528	1
12533	1
12540	1
12549	1
12550	8
12550-0831	2
12551	4
12551-0831	2
12553	4
12589	1
12590	8
12590-8900	3
12601	4
12602-0550	1
12603	1
12701	2
12721	1
12754	1
12771	1
12775	1
12779	1
12787	1
12788	1
12790	2
12814	1
12865	1
12917	1
12941-0129	1
13039	1
1305	1
13053	1
13057	1
13088	1
13088-5342	2
13153	1
13202	2
13203	1
13207	1
13221	3
133221	1
13329	1
13350	1
13373	1
13440	1
13480	1
13490	1
13501	1
13502	1
13502-5401	1
13580	1
13601	3
13614	1
13615	1
1373	1
13748	1
13756	1
13790	1
13820	1
13850-3770	1
13851	1
13903	1
13905	2
14009	6
14009-0158	1
14020	1
1404	1
14043	2
14051	3
14052	2
14068	4
14068-1602	1
14075	1
14094	1
14108	1
14120	5
14127	2
14132	2
14132-9097	1
1414	1
1420	1
142002	1
14202	5
14203	4
14206	8
14206-2317	4
14208	2
14209	3
14210	21
14211	1
14217	2
14218	1
1422	1
14220	1
14221	24
14221-5783	1
14221-7820	1
14222	1
14223	1
14225	14
14225-1032	1
14226	4
14228	15
1423	1
14231	4
14231-9016	2
14231-9054	1
14240	3
14240-0846	2
14266	1
14301	1
14303	1
14304	5
14304-1745	1
14305	1
14414	1
14450	11
14450 0457	1
14467	1
1451	1
14526	1
14614	8
14614-195	1
14615	1
14616	1
14618	2
14621	2
14624	2
14626	1
14644	1
14692	1
14692-2878	3
14701	2
14710	1
14726	1
14814	1
14845	1
14850	1
14883	1
14892	1
14901	2
15129	1
15205	1
15210-7834	1
15219	2
15237	1
15250-7834	1
15251	1
15257	1
15262-2001	1
15544	1
15563	1
1566	1
1598	1
16335	1
16601	1
1691	1
16915	1
17015	1
17032	2
17055	1
17055-0010	1
17071	1
17104	3
17105	1
171052461	1
17106	6
17106-7015	5
17108	4
17108-0988	7
17109-0988	1
1711-1036	1
17111	18
17111-1036	1
171111	1
17332	1
1735-9100	1
17446	1
17451	1
17460	1
1749	1
17602	1
17608	1
17701	1
17754	1
1797	1
18002	2
1801	1
18015	1
18017	1
18034-0610	1
18042	1
18064	1
18102	1
18104	1
18324	3
18344	1
18355	1
18436	1
18466	1
1850	1
18503	1
18504	1
18505	1
18508	1
18518	1
18519	5
18519-1641	2
18547	1
18577	1
18644	1
18706	2
18711	1
18773	8
18773-4200	1
18773-9460	1
18773-9500	2
18773-9635	1
18773-9640	2
187739500	1
18901	1
18938	1
18966	1
19007	2
1901	1
19013	4
19015	1
19020	1
19022	1
19034	6
19040	1
19044	31
190442308	1
19047	4
19053	14
19082	1
19090	1
19101	1
19101-7829	1
19107	1
19111	1
19116	3
19123	1
19128	1
19132	2
19139-1258	1
19149	1
19154	7
19154-3210	1
19182	1
193330	1
19335	1
19342	1
19399	1
19407	1
19422	1
19425	1
19456	13
19456-1280	1
19556	1
19601	1
19610	2
19701	1
19702	6
19703	1
19711	1
19713	2
19713-4322	1
19714-7526	3
19801	3
19801-5148	3
19803	1
19850	10
19850-5372	1
19850-5521	2
19850-5740	1
19850-5889	1
19850-7125	1
198580	1
19886	2
19886-5153	1
19899	1
19904	1
19962	1
20005	1
20007-2113	1
20013	1
20049	1
20123	1
20188	5
20201	1
20359	1
20602	1
20705	6
20735	1
20737	1
20785-4806	1
20791	1
20850-5775	4
20874	1
20902	1
210002	1
21030	1
21045	1
21065	1
21201	3
21207	1
21217	1
21220-5380	1
212222116	1
21229	1
21230	2
21258	1
21288-0001	1
21297-1051	1
21297-1313	1
21702	1
21773	1
220194	1
22035	1
22172	1
22222	2
22304	1
22304-0156	1
22309	1
22314	1
22408	1
23059	2
23060	1
23113	2
23225	1
23229	2
23285	1
23320	1
23327	1
23450	4
23451	1
23462	2
23464	1
23502	31
23503	1
23541	23
23541-1223	1
23562	1
23606	2
23608	1
23704	1
23707	1
23833	1
24017	1
24031-3105	1
24033	1
25405	1
26554	1
27113	1
27263-1806	1
27292	1
27376	1
27404	1
27407	2
27414	1
27455	1
27663	1
27713	1
27713-2204	1
27802	1
27932	1
28201-1115	1
28216	2
28226	1
28272	4
28272-1104	1
28272-9903	1
28306	1
28376	1
28501	1
28590	2
28705	1
28807	2
28901	1
29006	1
29406	1
29466	1
29601	8
29603	2
29615	7
29615-5720	1
29616	6
29616-0759	11
296160759	1
29659	1
29716-0561	1
29716-0571	1
29731	3
29731-1590	1
29732	2
29737	1
30005	2
30006	2
30009	2
30010	2
30010-3747	1
30010-3748	2
30021	1
30022	1
30023	1
30030-2534	1
30042	1
30062	5
30066	1
30067	2
30068	1
30071	3
30072	1
30083	1
30084	1
30092	4
30092-2670	1
30095-9504	1
30096	2
30099-0001	1
30127	1
30134	1
30135	1
30144	3
30144-7518	1
30144-7802	1
30152-3469	1
30188	1
30189	3
30303	4
30319	1
30328	2
30329	2
30339	5
30344	2
30345	1
30346	1
30348	1
30348-5028	2
30348-5255	1
30348-5658	3
30348/5689	1
303485028	1
30350	2
30353	1
30353-0942	1
30353-0949	1
30353-1704	1
30354	1
30356	1
30360	11
30362	2
30374-0283	1
30622	1
307114	1
30901	3
3096636700	1
31008	1
31082	1
31093	1
31131	6
31146	2
31405	1
31405-1441	1
31411	1
31419	1
31600	1
31750	1
317707	1
32073	1
320896	1
32114	1
32119	1
32205	1
32207	2
32216	1
32225	2
32230	1
32231	2
32233	1
32239-1518	1
32239-5118	1
32241	4
3225	1
32253	1
32255	12
32255-1268	10
32256	28
32256-7412	6
32259	1
32399	1
32401	2
32501	1
32502	1
32668	1
32707	1
32725	1
32746	1
32750	5
327500	1
32752	3
32752-2290	2
32752-9963	1
32779	2
32780	1
32789	2
32801	2
32805	1
32808	1
32809	1
32812	1
32819-5257	1
32822	1
32824	1
32857	1
32859	1
32878-5057	2
32878-5063	1
32896	7
32896-0014	1
32896-0061	4
32896-0090	1
32896-5004	1
32896-5008	1
32896-5022	1
32896-5033	2
32896-5052	1
32896-5053	1
328965	1
32905	1
32988-0061	1
33009	2
33020	1
33021	2
33024	1
33025	1
33027	1
33033	1
33062	1
33063	4
33065	1
33067	1
33069	2
33071	1
33073	1
33102	2
33122	1
33126	2
33128	1
33130	2
33131	1
33134	1
33137	1
33137-0098	1
33139	2
33146	1
33155	1
33161	1
33162	1
33180	1
33223	1
332255	1
33255	1
33301	1
33304	1
33309	4
33311	1
33318	1
33319	1
33322	1
33324	2
33329	1
33329-7858	1
33331	2
33336	1
33351	1
33351-7902	1
33355	1
3337	1
33401	4
33405	2
33409	1
33415	1
33417	1
33428	1
33431	2
33433	1
33434	1
33441	2
33442	3
33445	1
33446	1
33463	1
33467	1
33477	1
33480	1
33481	1
33484	1
33486	4
33487	1
33534	1
3358	1
33607	2
33609	1
33611	1
33614	7
33615	1
33624	1
33631	2
33634	2
33647	1
3370	1
33701	1
33712	1
33716	2
33755	2
33756	1
33760	1
33762	1
33765	1
33767	1
33770	2
33771-5351	3
33902	1
33903	1
34134	1
34202	1
34202-4175	1
34208-5336	1
34230	1
34230-4155	3
34231	1
34238	1
34604	6
34604-0122	2
34652	1
34653	1
34668	2
34684	2
34688	1
34711	1
34947	1
34986	1
34987	1
35043	1
35201	1
35207	1
35209	3
35209-3114	3
35209-3120	6
352093120	1
35210-6145	1
35210-6928	1
35219	1
35223	1
35244	3
35476	3
35813	1
36066	1
36685	1
3672	1
36790	1
37043	1
37067	1
37203	1
37206	1
37210-4107	1
37214	7
37214-0065	4
37402	1
37615	1
37660	1
37689	1
37901-2698	1
37909	1
37917	1
37927	1
38016	2
38037	1
38111	1
38114	1
38120	1
38184	3
38655	3
38655-0948	1
4009-0517	1
40202	1
40232	1
40269	1
40290-1037	1
40290-1094	1
40512-4444	1
40742	1
40844	1
41042	1
42101	1
42301	1
43001	1
43017	5
43054	2
43123	1
43123-8895	2
43126	1
43215	1
43215-1441	1
43215-5166	3
43216	4
43218	10
43218-2118	2
43218-2119	2
43218-2273	4
43218-2782	1
43218-3003	2
43218-304	1
43218-3071	1
43218-3082	1
43218-3083	1
432183003	1
43219	5
43219-6011	1
43220	1
43226	1
43229	1
43231	13
43232	6
43232-0500	1
43235	2
43236	12
43238	1
43271	1
43359	1
43502	1
43537	2
43560	5
43607	3
43612	1
43614	12
44060	1
44087	2
44087-2340	2
44101	1
44115-1299	1
4412	1
44122	1
44122-5340	1
44125	4
44132	1
44139	7
44139-3442	3
44145	1
44146	6
44286	1
44333	1
44515	1
44720	2
45040	3
45102	1
45201	1
45237	1
45241	1
45242	2
45274-2596	1
46	1
46147	1
46168	1
46216	1
46219	7
46308-6000	1
46321	1
46326	1
46350	1
46528	1
46851	1
47117 5524	1
48010-2036	1
48015	1
48034	1
48043	1
48044	1
48071	1
48071-7527	1
48083	1
48090	9
48090-2036	3
48090-2123	2
48093	3
48151-6090	1
48195	4
48195-0210	1
48195-0391	2
48195-0954	2
48195-0969	1
48195/0954	1
48333-9223	1
48346	3
48393	1
48393-0824	1
48393-102	1
48393-1022	3
48451	1
48451-0129	1
48451-0505	1
48507	1
48507-4685	1
48931-1022	1
48980	1
49022	1
49093	1
49204	1
49503	1
49690	1
50037	1
50219	1
50265	1
50306	1
50309	2
50323	1
50336	1
50368	1
50613	5
50701	6
50704	2
50707	1
51101	1
5124	1
51564-0437	1
53051	1
53151	1
53201-2983	1
53226-0639	1
53566	3
53566-1364	1
53566-8019	1
53566-8045	1
53704	2
53705	1
53707	1
53713	1
53713-3954	1
54305	1
54305-1654	2
54467	1
54602	1
55101	5
55102-1211	1
55105	1
55113	1
55113-2722	1
55113-2797	1
55120	3
55121	1
55125	1
55127	3
55127-2557	1
55164	22
55164-0378	2
55164-0437	7
55164-0737	1
55164-0886	1
55164-0887	2
55164-0909	1
55164-4043	1
55175-0848	1
55177	1
55318-3056	1
55343	1
55344	13
55344-7710	1
55345	1
55407	1
55422	1
55422-4811	1
55423	1
55426	2
55426-1066	1
55426-1096	1
55429	1
55432	1
55433	6
55433-5876	1
55435	4
55438	2
55438-0902	1
55438-5908	2
55439	29
55439-0846	1
55439-2409	1
55441	2
55486-0102	1
55555	1
55614	3
55616	1
55812	1
55903	1
56303	4
56303-9817	1
56806	1
5709-0100	1
57107	1
57107-0145	1
57109	1
57117	6
57117-5529	2
57709	2
59102	1
59403-1013	1
59901-3413	2
60005	2
60006	1
60009	1
60015-0738	1
60018	2
60018-3307	1
60018-4501	2
600184501	1
60035	1
60062	1
60068	2
60076	2
60076-102	1
60076-1027	1
60077	4
60089	5
60094-4710	1
60148	2
60148-8441	1
60148-8479	2
601488479	1
60159-0838	1
60164	2
60168-4009	1
60173	4
60179	5
60181	5
60191	3
60197	4
60197-4191	1
60197-5219	1
60197-6103	3
60201	3
60305-6369	1
60440-7249	1
60477	1
60487	1
60522-9724	1
60523	2
60555	3
60598-0617	1
60601	1
60603	1
60604	1
60604-4134	1
60606	1
60607	1
60611	1
60614	2
60630	6
60630-2534	2
60645	1
60649	1
60656	4
60656-1490	6
60675-1738	1
60678	1
60693	1
60714	2
6076-1027	1
61367	1
61602	1
61654	2
61701	2
61702	26
61702-3068	1
61702-3097	1
61702-3427	5
61702-3517	11
617023517	1
6172	1
61826	1
62002	1
6201-5773	1
62321	1
63006	1
63006-0701	1
63042	4
63092	1
63141	1
63141-3187	2
63146	1
63146-7260	1
63179	2
63179-0047	1
63179-0317	1
63179-0441	1
63195	1
633-0004	1
63301	6
63301-4047	2
63302-1898	1
63701	1
64108	1
64116	1
64129	1
644662	1
64502-0148	1
6462430478	1
65201-6582	1
65211	1
66017	1
66061	1
66062	1
66063	1
66063-3330	1
66067	1
66207	2
66211	2
66212	1
66213	1
66223	1
67504	2
67504-1344	1
67601	1
68103-2858	1
68106	1
68135	1
68501-2505	1
70002	1
70004	1
70120	1
70163	1
7056	1
70662	1
70711	1
7117-7032	1
72209	1
72745	2
72765-0829	1
73112-7236	1
73124	1
73126	1
73154-0836	1
73155	3
73155-0779	3
74020	1
74106	1
74134	6
74147	1
74354-1904	1
74355	1
74612	2
75001	2
75006	5
75007	9
75007-1912	1
75007-1958	4
75013	2
75015-2402	1
75019	2
75024	5
75024 2959	1
75024-2959	2
75026-0848	1
75034	3
75035	1
75044	1
75074	1
75080	2
75081	3
75085-2039	1
75086	1
75090	2
75093-4638	1
75201-4234	2
75205	1
75225-5845	1
75240	7
75243	1
75244	4
75247	1
75251	1
75261-9610	1
75265	1
75265-0543	1
75265-3000	1
75266-0360	1
75266-0370	1
75266-9023	1
752660675	1
75313	1
75320	1
75356	1
75357	1
753570909	1
75370-2257	1
75380-2068	1
75403	5
75403-5202	2
75403-5609	1
76017	1
76034	2
76051	1
76065	1
76155	1
76161	1
76161-0206	1
76161-0230	1
76161-0247	1
76161-1245	1
7666	1
77004	1
77034	1
77036	5
77043	7
77044	1
77056	5
77057	2
77063	2
77070	1
77072	13
77072-1624	1
77074	4
77077	3
77081	14
77082	1
77084	2
77092	1
77092-2016	1
77094	1
77094-8911	1
77201	1
77210	1
77218	2
77218-9785	1
77231-0129	1
77252	1
77253	1
77257	1
77263	1
77272	7
77272-2910	1
77272-2929	4
77274-2209	2
77274-281	1
77306	1
77388	1
77403	1
77842	1
78217	1
78217-1274	1
78226	1
7823	1
78245	2
78246	1
78265	1
78265-9569	1
78265-9584	1
78265-9705	1
78265-9707	2
78265-9728	3
782659705	1
78278	1
78503	2
78596	1
78681	1
78682	1
78683	1
78704	4
78708	1
78746-6379	1
78749	1
78758	1
7950	1
79704	1
79998-1127	2
80011	1
80014	2
80034	1
80111	6
80155	1
80201	1
80201-4309	1
80202	3
80221	1
80231	3
80231-5088	1
80235	1
80237	6
80401	1
80526	1
80632	1
80909	2
81502	1
82601	1
82604	1
8368	1
83854	2
84020	1
84101	1
84119	1
84130	2
84130-0285	1
84130281	1
84602-0147	1
84604	3
84770	1
85001-0071	1
85004	1
850067	1
85008	1
85013	2
85016	1
85022	1
85038	3
85040	1
85040-8808	2
85044	2
85053	1
85062	2
85062-8234	1
85067	1
85080	1
85201	1
85210	1
85249	1
85251	1
85251-3643	1
85251-6547	1
85254	2
85282	2
85283-4583	3
85285	1
85285-7288	1
85326	1
85351	1
85711	2
86303	1
8682	1
87002	1
89014	2
89014-2120	1
89052	1
89102	1
89103	1
89107	2
89113	1
89117	2
89118	1
89119	4
89120-6224	1
89128	1
89129	1
89193	4
89193-8873	5
89434	17
89506	1
89509-5241	1
89703	2
90000	1
90009	1
90010	1
90024	3
90036	1
90049	1
90051-6681	1
90051-8167	1
90054	1
90054-0807	2
90060	2
90060-0578	8
90066	1
900836	1
90091	1
90274	1
90304	1
90603	1
90630	1
91001	1
91203	1
91302	1
91303	1
91309	2
91309-8012	1
91311	1
91324	1
91325	2
91331	1
91356	1
91360	1
91365	1
91365-9637	1
91367	3
91504	1
91514	1
9153	1
91710	1
91711	1
91716	4
91716-0500	4
91722	1
91752	1
91754	2
91761	1
91765	1
91910	1
91942	1
92007	1
92008	1
92009-1314	1
92013	1
92013-0848	1
92018	1
92019	1
92025	3
92036	1
92038	1
92046	1
92046-3023	3
92046-9042	1
920469046	1
92054	2
921008	1
92108	4
921123	1
92123	46
92123-2255	1
92131	1
92132	1
92193	6
92210	1
92506	2
92507	1
92507-0778	1
92508	1
92551	1
92562	3
92571	1
92571-0801	1
92584	2
92612	1
92618	4
92619	1
9262	1
92626	5
92626-1902	1
92629	1
92649	1
92660	1
92675	1
9268-0772	1
92701	1
92704	3
92705	11
92723	1
92780	2
92782	1
92801	1
92807	1
92816	1
92821	2
92821-6753	1
92825	1
92840	1
92867	1
92879	1
92881	1
92923	1
93011-3666	1
93301	1
93387-1750	1
93389-1750	1
93706	1
93792	1
93912-0053	1
94104	1
94105	1
94116	1
94123	1
94129	1
94267	1
94402	1
94509-1380	2
94524	6
945241	1
94545	1
94551	14
94551-7661	1
945517661	1
94566	9
94566-9046	1
94566-9049	1
94566-9054	5
94566-9057	2
94569	1
94585	1
94596	1
94928	1
94954	1
95032	1
95035	1
95037	2
95054	1
951619308	1
95407	1
95410	1
95476	8
95476-9005	1
95630	1
95762	2
95834	1
96056	1
97005	1
97008	1
97062	1
97076-0477	1
97114	1
97208	1
972286995	1
97292	1
973	1
97302	1
97477	1
97526	1
97527	1
979113	1
98004	1
98005	1
98006	2
98007	1
98011-3205	1
98036	23
98036-1542	1
98046	1
98046 1548	1
98046-1547	1
98046-1548	1
98055	1
98057	23
98102	1
98108	1
98124	1
98130	1
98188	1
98206	1
98230	1
98277	1
98335	12
99999	60
999999	2
?	7
????	1
A	1
AIRPORT	1
ANON	2
ANONYMOUS	6
DID N	1
DON'T KNOW	2
EWR AIRPOR	1
HARRISBURG	1
IDK	2
INDIAN WEL	1
JFK	3
JFK AIRPOR	1
L4W 4Y5	1
L7R1H2	1
L8N1E5	1
LE4	1
MEXICO7500	1
MN55439	1
N	2
N.A	1
N/	1
N//A	1
N/A	911
N5X3A6	1
NA	261
NEW JERSEY	1
NEW YORK	1
NEW YORK A	1
NEWARK	12
NEWARK AIR	2
NEWARK INT	1
NJ	1
NJ 07	1
NJ 07114	10
NJ 07201	1
NJ 07310	1
NJ070	1
NJ07114	1
NO CLUE	1
NO IDEA	1
NONE	2
NOT GIVEN	1
NOT KNOWN	2
NOT SURE	3
NTY	1
NY	3
NY 10010-3	1
NY 10604	1
NYC	1
OOOOO	1
PE60ND	1
R3B0C9	1
SS	1
UNK	3
UNKNOWN	38
UNKOWN	1
UNSURE	1
V6J4X9	1
VARIES	1
W1	1
X	6
XXX	2
XXXXX	4
XXXXXXXXXX	1
ZIP CODE	1
`10708	1
