0	4
02453-271	2
02476-033	1
02663-092	1
06511-564	1
08837-372	1
10001	587
10001-793	1
10002	1329
10002-162	1
10002-234	1
10002-472	9
10003	1278
10003-031	7
10003-101	1
10003-180	1
10003-342	3
10003-345	1
10003-354	1
10003-434	1
10003-891	2
10004	460
10005	188
10006	250
10006-309	1
10007	545
10008	27
10009	1317
10009-371	1
10009-821	6
10010	832
10010-261	2
10011	1714
10011-241	1
10011-551	2
10011-682	1
10011-782	1
10012	685
10012-173	1
10012-200	1
10012-232	1
10012-357	1
10013	926
10013-256	1
10013-284	2
10013-310	1
10014	985
10014-203	1
10014-237	3
10015	4
10016	1354
10017	500
10017-304	1
10017-596	1
10018	280
10019	722
10019-822	1
1002	6
10020	11
10021	1388
10022	1144
10022-433	1
10023	1887
10023-194	1
10023-200	3
10023-267	3
10023-344	1
10023-350	1
10023-366	1
10023-520	8
10023-573	1
10023-581	1
10023-582	1
10024	2021
10024-164	4
10024-181	1
10024-211	1
10024-242	1
10024-260	1
10024-532	1
10024-648	1
10025	2499
10025-168	2
10025-175	1
10025-181	1
10025-329	4
10025-503	1
10025-521	6
10025-528	1
10025-648	1
10025-692	2
10025-725	1
10026	550
10026-108	1
10026-253	1
10026-432	3
10027	767
10027-324	2
10027-562	1
10027-680	1
10027ADA	1
10028	1304
10028-467	4
10028-643	1
10029	923
10029-644	1
10029-716	1
10030	329
10031	585
10031-272	1
10031-581	1
10031-882	1
10032	395
10032-744	1
10033	451
10033-343	2
10034	355
10034-216	1
10035	520
10035-277	1
10035-360	6
10036	678
10036-695	1
10037	328
10037-220	1
10038	524
10038-110	2
10039	176
10039-434	1
1004	2
10040	319
10040-374	1
10041	3
10044	117
10046	1
10047	1
10049	1
10050	1
10052	1
10053	1
10065	802
10065-746	1
10069	110
10069-040	1
10075	646
10075-056	1
10075-061	1
10075-074	1
10075-091	2
10075-184	1
10078	1
10094	1
10099	1
10101	3
10103	1
10104	5
10106	2
10107	5
10108	33
1011	1
10110	6
10111	10
10113	7
10115	2
10116	2
10118	1
10119	15
10120	1
10121	1
10122	22
10123	5
10124	2
10125	1
10126	3
10128	1415
10129	1
10134	2
10150	3
10151	5
10152	3
10153	4
10154	3
10156	1
10158	48
10159	9
10162	29
10163	8
10165	23
10166	9
10167	2
10170	3
10171	3
10172	1
10175	2
10177	2
10178	9
10185	1
1020	2
10214	1
1027	1
10274	1
10276	4
10279	19
1028	1
10280	164
10280-107	1
10280-116	1
10281	5
10282	80
10282-120	2
10300	2
10301	995
10301-165	3
10301-172	3
10301-182	1
10301-202	1
10301-255	1
10302	170
10303	231
10303-217	2
10304	857
10304-212	1
10305	536
10306	795
10307	216
10308	414
10308-192	2
10309	453
10310	354
10310-162	1
10311	4
10312	798
10313	3
10314	1060
10320	1
1034	1
10372	1
1040	2
10400	2
10402	2
10403	1
10405	1
10451	229
10452	224
10453	427
10454	151
10454-110	1
10455	198
10455-117	1
10456	233
10456-112	4
10457	208
10458	331
10459	232
10460	217
10461	768
10462	677
10463	617
10463-162	1
10463-193	2
10463-518	3
10463-653	1
10464	612
10465	1123
10465-212	2
10465]	1
10466	181
10467	415
10467-156	1
10467-250	1
10468	377
10468-104	2
10468-409	5
10468-433	1
10469	566
10470	142
10471	335
10471-150	1
10471-180	1
10471-301	1
10471-350	2
10472	324
10473	541
10474	66
10475	242
10475-360	3
10475-403	1
10476	1
1050	1
10501	11
10502	14
10503-031	1
10504	77
10506	43
10507	3
10508	1
10509	17
10510	42
10511	5
10512	10
10514	66
10516	17
10517	1
10518	2
10519	3
10520	36
10522	21
10523	17
10524	8
10526	4
10528	38
10529	3
10530	34
10532	18
10533	74
10536	44
10537	2
10538	133
1054	2
10541	53
10543	75
10546	3
10547	13
10548	8
10549	81
10550	21
10552	51
10553	9
10555	1
1056	1
10560	13
10561	2
10562	48
10566	38
10567	19
10570	37
10573	43
10576	20
10577	43
10579	30
10580	99
10583	284
10585	1
10589	5
10590	15
10591	66
10594	13
10595	62
10596	2
10597	6
10598	51
10598-758	3
10599	1
1060	4
10601	41
10603	34
10604	25
10605	43
10606	19
10607	33
10610	1
1062	3
10644	1
10701	96
10703	34
10704	112
10705	53
10706	73
10707	39
10708	178
10709	55
10710	79
10716	1
10724	1
1073	1
10760	1
10762	1
1080	1
10801	80
10803	96
10804	107
10804-450	1
10805	49
10814	1
10838	1
10880	2
10901	27
10903	1
10913	11
10914	1
10916	2
10917	1
10918	2
10920	13
10921	1
10922	2
10923	2
10924	1
10925	4
10926	1
10927	7
10930	11
10940	12
10941	5
10946	1
10949	1
10950	31
10951	1
10952	31
10953	1
10954	33
10956	66
10960	21
10962	12
10964	17
10965	22
10967	2
10968	5
10970	13
10973	1
10974	1
10975	1
10976	1
10977	37
10980	6
10983	23
10984	4
10986	1
10987	3
10989	22
10990	6
10992	17
10993	2
10994	11
10998	2
11001	118
11002	4
11003	59
11003-191	1
11004	185
11005	51
11010	29
11016	1
11020	78
11021	174
11022	1
11023	48
11024	96
11029	1
11030	209
11036	2
11040	234
11042	6
11047	1
11050	193
11060	1
1107	1
11080	1
11092	1
11096	3
11100	1
11101	778
11101-552	2
11101-566	2
11102	292
11102-199	3
11103	305
11103-200	1
11103-440	1
11103-470	1
11104	565
11105	437
11106	361
11109	150
11130	1
11142	2
11152	1
11163	1
1119	1
11201	1688
11201-126	1
11201-160	1
11201-217	1
11201-240	1
11201-262	1
11201-461	1
11201-505	4
11201-551	1
11201-674	1
11201-802	1
11201-821	1
11202	17
11203	528
11204	544
11205	633
11206	453
11207	460
11208	358
11209	2594
11209-251	3
11209-332	1
11209-616	1
11210	991
11211	721
11211-910	2
11212	739
11212-320	1
11213	573
11213-488	1
11213-569	2
11214	580
11215	2548
11215-113	1
11215-140	1
11215-210	1
11215-226	1
11215-230	2
11215-248	1
11215-290	1
11215-300	1
11215-391	3
11215-430	1
11215-433	2
11215-501	2
11215-591	3
11216	813
11217	1013
11217-393	1
11218	934
11218-170	1
11218-240	2
11218-242	1
11219	525
11219-170	1
11220	935
11220-133	1
11221	585
11221-241	2
11222	452
11222-294	4
11223	631
11224	310
11225	840
11226	1060
11226-171	1
11226-520	1
11227	3
11228	876
11229	472
11229-493	1
11230	952
11230-215	1
11231	799
11231-445	1
11231-490	1
11232	326
11233	700
11233-151	1
11234	837
11235	588
11235-526	1
11236	446
11236-280	1
11237	200
11238	1508
11238-191	1
11238-415	1
11238-436	1
11238-615	1
11239	58
11241	31
11242	8
11243	6
11247	2
11249	265
11251	2
11253	1
11254	3
11255	1
11256	1
11280	1
11297	1
11306	1
11308	1
11314	3
11315	1
11318	1
11321	3
11325	1
11330	1
11335	1
11336	1
11342	1
11346	2
11352	3
11354	610
11355	366
11356	111
11356-110	1
11357	546
11358	490
11360	346
11360-213	1
11361	291
11362	196
11362 151	1
11363	322
11364	284
11365	291
11366	168
11367	368
11367-394	7
11368	458
11369	310
11370	183
11372	875
11372-456	2
11373	372
11373-343	1
11374	234
11374-300	1
11375	1110
11375-471	1
11376	2
11377	765
11377-314	1
11378	457
11378-191	1
11379	600
11380	1
11383	3
11385	662
11385-693	1
11397	1
11400	2
11410	1
11411	203
11412	347
11412-231	1
11413	344
11413-241	1
11414	315
11415	187
11415-104	3
11416	177
11417	239
11418	260
11418-242	1
11418-348	1
11419	256
11419-110	1
11419-190	1
1142	1
11420	233
11421	200
11421-172	1
11422	233
11423	215
11423-202	3
11424	5
11425	2
11426	279
11427	291
11428	113
11428-122	1
11429	138
11430	5
11432	687
11432-583	2
11433	185
11434	498
11435	389
11435-102	1
11435-402	1
11436	151
11438	1
11449	2
11452	1
11461	1
11473	1
11476	1
11482	1
11484	1
11500	1
11501	67
11504	1
11507	39
11509	20
11510	65
11512	1
11514	1
11516	43
11518	16
11520	53
11530	140
11533	1
11534	1
11542	50
11545	127
11547	6
11548	8
11550	33
11551	1
11552	44
11553	12
11554	63
11556	2
11557	65
11558	5
11559	89
11560	49
11561	89
11563	30
11565	30
11566	89
11567	1
11568	107
11569	6
11570	68
11572	67
11575	15
11576	154
11577	79
11579	15
11580	94
11581	115
11586	1
11590	103
11595	4
11596	39
11598	76
11619	1
11628	1
11637	1
11644	1
11691	275
11692	133
11693	110
11694	304
11697	121
11701	8
11702	12
11703	13
11704	7
11705	4
11706	25
11709	15
11710	53
11714	19
11715	5
11716	8
11717	12
11718	3
11719	2
11720	7
11721	8
11722	12
11724	9
11725	15
11726	20
11727	7
11729	17
11730	7
11731	18
11732	18
11733	11
11735	29
11738	3
11739	2
11740	17
11741	7
11742	7
11743	79
11746	108
11747	52
11748	1
11749	3
11751	11
11752	1
11753	72
11754	7
11755	5
11756	42
11757	15
11758	57
11762	13
11763	14
11764	4
11765	2
11766	14
11767	7
11768	30
11769	5
11771	46
11772	15
11776	8
11777	3
11778	4
11779	20
11780	16
11782	4
11783	13
11784	7
11786	3
11787	16
11788	11
11790	5
11791	101
11792	8
11793	29
11795	19
11796	3
11797	42
11798	5
11801	60
11803	50
11804	6
11901	8
11930	13
11933	3
11934	2
11937	26
11939	1
11940	4
11941	1
11942	1
11944	3
11946	4
11948	1
11949	1
11951	1
11952	13
11953	3
11954	10
11955	3
11956	1
11957	3
11957-053	1
11959	7
11960	5
11961	2
11962	2
11963	13
11964	4
11965	2
11967	2
11968	14
11969	2
11970	1
11971	3
11975	3
11976	4
11977	4
11978	11
12009	1
1201	1
12015	7
12016	2
12019	6
12020	2
12029	1
12037	2
12047	2
12051	3
12054	47
12056	2
12060	2
12061	2
12065	15
12067	4
12075	1
12077	6
12084	3
12095	2
12106	2
12110	23
12118	4
12122	1
12125	1
12144	4
12147	1
12158	6
12159	8
12165	7
12173	1
12180	6
12182	2
12184	2
12189	1
12196	2
12198	1
1220	1
12201	6
12202	4
12203	10
12204	6
12205	9
12206	5
12207	89
12208	31
12209	1
12210	121
12211	108
12215	2
12230	1
12235	1
12248	1
12250	1
1226	1
1230	5
12302	1
12303	5
12305	2
12306	2
12308	1
12309	6
12401	22
12404	3
12406	1
12407	1
12431	1
12433	1
12440	2
12442	1
12443	9
12448	4
12461	2
12461-530	7
12463	1
12464	2
12472	1
12477	1
12484	1
12491	1
12498	2
12501	1
12502	4
12508	12
12514	1
12516	1
12518	2
12519	2
12520	2
12524	7
12525	2
12526	1
12528	4
12529	1
12530	1
12531	1
12533	15
12534	3
1254	19
12540	8
12542	1
12545	8
12546	3
12547	1
12550	21
12553	11
12561	11
12563	3
12564	10
12566	1
12567	1
12569	6
12570	1
12571	3
12572	7
12574	2
12575	4
12578	2
12580	2
12581	1
12586	2
12589	4
12590	10
12594	1
12599	1
12601	4
12603	13
1266	3
1267	2
12729	1
12749	1
12754	1
12771	1
12775	12
12778	2
12779	5
12780	1
12785	2
12790	1
12803	1
12817	1
12824	3
12831	4
12845	1
12846	1
12849	1
12866	15
12936	1
12941	1
12993	4
13021	4
13027	2
13035	2
13057	2
13066	1
13068	1
13078	2
13082	1
13088	3
13104	1
13116	1
13121	2
13122	1
13142	1
13148	1
13166	1
13202	2
13203	3
13204	4
13205	2
13209	2
13210	3
13212	2
13218	1
13315	1
13357	1
13367	4
13411	1
13421	2
13424	2
13440	2
13460	1
13501	1
13503	1
13612	1
13617	1
13662	1
13664	1
13669	2
13676	1
13679	1
13733	1
13734	1
13757	1
13760	2
13784	1
13820	3
13850	2
13856	1
13901	7
13903	3
13905	2
14020	1
14031	2
14043	1
14048	1
14051	4
14052	2
14061	2
14064	1
14075	1
14092	1
14094	3
14150	1
14201	1
14209	1
14212	1
14213	2
14214	6
14216	1
14221	5
14222	2
14224	2
14225	1
14227	1
14228	2
14228-252	2
14301	2
14306	1
14424	3
14445	2
14450	2
14454	3
14502	2
14513	3
14526	2
14534	5
14541	1
14551	1
14564	1
14586	1
14604	5
14605	1
14607	1
14609	2
14610	3
14611	1
14612	8
14615	2
14616	1
14617	1
14618	2
1462	1
14620	4
14622	1
14623	1
14626	1
14701	1
14757	1
14817	1
14820	1
14830	3
14840	1
14845	1
14850	5
14867	3
14895	5
14905	1
15043	1
15068	1
15076	1
15084	1
15106	1
15108	1
1516	1
15201	3
15203	1
15206	1
15217	6
15218	1
15219	2
15222	2
15224	3
15232	1
15236	1
15642	1
15693	1
1581	1
16031	1
1606	1
16066	3
16150	1
16415	1
16740	1
16801	5
16803	1
16823	1
16828	2
16851	1
16868	1
16875	1
16880	1
1701	2
17011	1
17015	1
17018	1
17022	2
17042	1
17046	1
17067	1
17073	1
17078	1
17104	12
17109	2
17110	1
17112	2
1719	1
1721	1
17241	2
1730	2
17353	1
17356	1
17404	1
1741	1
1742	5
1746	4
1748	3
1752	1
1754	3
17545	1
17552	1
1760	3
17603	2
17627	1
17670	1
1773	4
17754	1
1778	6
179	1
17922	1
1801	1
18014	1
18015	1
18017	1
18020	4
18031	2
18036	3
18040	3
18062	1
18064	1
18069	1
1810	4
18101	1
18102	1
18103	2
18104	1
18202	1
1824	1
18241	2
1826	1
1830	2
18301	15
18302	1
18322	1
18324	7
18326	4
18328	1
18330	1
18336	1
1834	2
18343	1
1835	2
18350	2
18360	7
18371	2
18372	1
18411	2
18426	3
18428	2
1843	1
18435	1
18436	1
1844	2
1845	3
18458	2
18466	3
18504	1
18505	2
18509	1
1854	1
18603	1
18610	2
1867	3
18801	2
18822	4
1890	1
18902	1
18938	3
18940	4
18947	1
18974	1
18977	2
19002	3
19004	1
19006	2
19008	2
19010	6
19021	1
19026	2
19035	6
19040	1
19041	1
19046	2
19047	7
19050	3
19054	1
19061	1
19063	4
19064	1
19066	1
19067	9
19072	7
19073	2
19075	2
1908	2
19081	1
19082	2
19085	1
19086	2
19087	1
19090	1
19096	2
19102	4
19103	58
19103-143	18
19104	4
19106	5
19107	5
19111	2
19114	1
19118	7
19119	18
19120	1
19122	1
19123	1
19125	3
19128	3
19129	2
19130	8
19131	1
19134	3
19139	1
19143	6
19144	3
19145	1
19146	4
19147	10
19148	4
1915	2
19152	1
19153	1
1923	1
1930	10
19317	4
19333	2
19348	6
19355	4
19363	1
19380	3
19390	1
19406	1
19426	1
1944	1
19444	1
19446	2
1945	2
19454	3
19460	1
19462	1
19464	2
19468	7
19526	1
1960	2
19608	1
19610	1
1970	2
19701	3
19702	2
19703	4
19707	1
19711	2
19713	2
19720	1
19801	2
19805	2
19806	1
19807	2
1985	1
19901	1
19934	2
20001	124
20002	41
20003	37
20004	19
20005	30
20006	15
20007	30
20008	16
20009	65
20010	19
20011	33
20012	4
20013	1
20015	15
20016	28
20017	5
20018	10
20019	2
20020	5
20024	8
20036	18
20037	8
2006	1
20065	1
20110	1
20111	2
20112	3
20115	2
20117	1
20147	3
20151	1
20152	1
20165	1
20169	1
20171	1
20175	1
20176	3
20191	3
2025	4
2026	4
20268	1
2030	2
2035	3
2038	1
2043	6
2045	1
2050	4
2052	2
20603	7
2066	3
2067	2
20705	1
20706	3
20707	1
20712	2
20716	2
20719	1
2072	1
20720	1
20721	2
20722	4
20740	4
20743	4
20744	3
20745	3
20746	3
20748	2
20755	1
20764	1
20770	4
20772	2
20774	7
20781	1
20782	3
20784	4
20785	2
2081	1
20814	8
20815	28
20816	9
20817	12
20833	1
20850	4
20851	2
20852	4
20853	3
20854	6
20874	4
20876	1
20878	2
20879	3
20883	1
20895	1
2090	1
20901	1
20902	6
20903	7
20904-147	2
20906	4
20910	17
20912	4
21001	1
21012	1
21014	1
21015	2
21029	1
21042	1
21043	3
21044	11
21046	1
21057	1
21060	3
21061	2
21075	1
21076	44
2108	5
2109	3
21090	1
2110	3
21108	2
2111	8
21117	4
21122	1
21128	1
2113	1
21133	2
21136	2
2114	1
21146	3
2115	2
21153	1
2116	12
21163	1
2118	7
2119	2
2120	9
21201	2
21202	2
21206	1
21207	3
21208	1
21209	1
21210	6
21211	1
21212	5
21214	1
21215	4
21221	1
21222	1
21224	6
21227	1
21228	1
21230	3
21231	5
21234	2
21239	1
2124	5
21244	1
2125	1
2126	1
2127	4
2128	2
2129	6
2130	21
2131	7
2132	12
2134	3
2135	9
2136	1
2138	26
2139	9
2140	5
21401	8
21403	5
2141	4
2143	6
2144	12
2145	1
2150	3
2152	2
2155	10
2158	1
21620	1
2169	3
21706	1
2171	3
21710	3
21727	2
2176	1
21797	1
2180	2
21801	2
21804	1
21811	1
2184	1
2186	5
2189	1
22003	2
22015	3
22026	1
22031	2
22033	2
22039	4
22041	1
22042	1
22043	3
22044	3
22046	5
22066	1
2210	2
22101	3
22102	3
22134	1
2215	5
22151	4
22153	2
22180	6
22181	1
22182	6
22193	3
22201	26
22202	7
22203	2
22204	11
22205	5
22206	1
22207	8
22209	7
22213	4
22301	6
22302	9
22304	7
22305	1
22306	2
22307	4
22308	4
22310	2
22311	1
22312	1
22314	9
22315	3
22443	1
22473	2
22578	1
2260	1
22901	2
22903	1
22963	2
22980	1
2301	1
2302	2
23059	1
23060	1
23089	1
23112	1
23113	2
23114	1
23116	1
23185	1
23188	1
23219	1
23220	1
23221	3
23223	3
23225	1
23226	1
23235	2
23260	1
23320	1
23322	1
2339	1
23435	1
23451	1
23452	1
23462	1
23464	1
2347	1
23510	1
23518	2
2359	1
23661	1
23662	1
23666	1
23692	1
23703	1
23707	1
23821	1
23831	4
23832	1
23860	1
23943	1
24040	1
2421	6
24343	1
2445	8
2446	9
2452	2
2453	4
24556	1
2458	6
2459	4
2460	3
2461	4
2462	1
2465	4
2466	5
2467	6
2468	1
2472	4
2474	10
2476	5
2478	3
2481	8
2482	2
2492	12
2493	7
2494	2
2535	2
2539	2
2540	4
25419	1
2543	1
25443	1
2556	1
25560	1
2557	1
2568	1
2575	1
26062	1
26102	1
26104	1
26301	2
2635	1
2648	1
26505	1
2655	1
2657	4
2660	1
2667	1
2673	1
2675	1
27012	1
27048	1
27103	1
27104	1
27106	1
27107	2
27212	1
27278	1
27298	1
27302	1
27320	1
27360	1
2738	2
2740	1
27403	1
27405	1
27406	2
27409	1
2745	1
2748	2
27510	2
27514	4
27516	2
27517	2
27519	1
27520	1
27529	1
27549	1
27571	1
27587	2
2760	2
27601	2
27603	1
27606	3
27610	1
27612	1
27613	1
27614	2
27615	1
27616	3
27701	1
27705	4
27709	1
2777	1
27801	1
27839	1
28025	1
28027	1
28031	2
2806	1
28078	1
2809	2
28145	1
2816	1
2817	1
28173	3
28202	2
28203	1
28205	3
28207	1
28209	3
28210	1
28211	3
28214	1
28216	4
28217	1
28226	1
28227	1
28262	2
28269	3
28270	1
28277	1
28278	1
28356	1
28365	2
28387	1
2840	5
28403	1
28405	1
2842	1
2852	1
28540	1
28546	2
28557	1
2857	1
28574	1
2860	1
28607	2
28655	1
28791	1
28801	1
28805	2
2886	1
2891	2
2903	1
2905	4
2906	7
2907	1
29073	1
2908	4
2909	1
2912	1
2914	1
2920	2
29201	1
29205	1
29206	2
29229	1
29301	2
29302	2
29334	1
29341	1
29365	1
29401	3
29403	1
29405	1
29407	1
29412	4
29432	1
29451	1
29455	1
29466	2
29479	1
29483	1
29492	3
29505	1
29511	1
29576	2
29582	2
29585	1
29601	1
29615	2
29650	2
29681	1
29707	1
29732	1
29801	1
29805	1
29860	1
29919	1
30004	2
30008	1
30009	1
30014	1
30021	1
30022	1
30024	2
30030	5
30033	1
30034	2
30035	2
30038	2
30039	2
30040	2
30044	6
30045	2
30047	1
30060	1
30062	1
30064	2
30066	1
30067	1
30068	2
30071	1
30075	3
30078	4
30080	2
30082	5
30083	1
30084	1
30087	1
30093	2
30094	1
30097	4
30126	2
30127	2
30135	1
30143	1
3015	1
30168	1
30188	1
30214	1
30215	1
30233	1
30241	1
30252	1
30260	3
30263	1
30274	1
30281	1
30294	2
30296	1
30301	1
30303	2
30305	4
30306	3
30307	2
30308	5
30309	2
3031	1
30310	1
30311	6
30312	1
30313	38
30316	3
30318	3
30319	4
30324	1
30326	2
30327	5
30328	4
30331	6
30337	1
30338	1
30340	1
30341	1
30342	1
30344	3
30345	3
30349	2
30350	4
30363	1
3037	1
3038	1
3051	1
30518	1
30528	1
30552	1
30576	1
30605	1
30673	1
3079	1
30802	1
30809	4
30904	1
30907	1
30909	1
31021	1
31061	1
31069	2
31210	1
31324	1
31326	1
31401	1
31548	1
31632	1
31705	1
31721	1
31794	1
32025	1
32034	2
32043	1
32082	4
32092	1
32118	2
32127	1
32137	1
32162	2
32168	1
32169	1
32176	2
3221	2
32218	1
32219	1
32304	1
32305	1
32311	1
32312	2
32328	1
32401	1
3244	1
3245	1
32459	1
32550	1
32563	1
32569	1
32601	2
32608	1
32609	1
32615	1
32707	5
32713	1
32725	2
32738	2
32746	2
32750	3
32771	1
32773	2
32789	2
32803	2
32804	3
32809	1
32810	1
32811	1
32821	1
32825	3
32828	1
32829	1
32832	1
32835	2
32907	2
32922	1
32927	1
32935	1
32937	4
32940	2
32951	1
32952	2
32953	1
32955	1
32960	2
32963	2
32967	1
33009	2
3301	1
33019	4
33023	2
33024	2
33025	2
33026	1
33027	8
33028	2
33029	2
33035	1
33037	1
33040	1
33060	1
33062	10
33063	2
33064	2
33065	3
33066	1
33067	7
33068	3
33069	2
33071	2
33076	3
33109	6
33125	3
33129	5
33130	1
33131	13
33132	6
33133	5
33134	5
33136	1
33137	3
33138	9
33139	24
33140	14
33141	5
33143	5
33145	1
33149	4
33154	14
33155	3
33156	13
33160	8
33162	3
33165	1
33166	4
33169	1
33172	1
33176	3
33179	1
33180	11
33185	2
33190	1
33193	1
33219	1
33243	1
33301	5
33304	3
33305	7
33306	1
33308	10
33309	1
33311	1
33312	1
33313	2
33314	2
33316	2
33317	1
33319	2
33321	1
33322	1
33323	3
33324	1
33325	3
33327	1
33328	1
33329	1
33330	3
33331	1
33332	1
33351	2
33360	1
33401	11
33403	2
33405	1
33406	1
33407	4
33408	7
33409	1
33410	5
33411	1
33412	1
33414	4
33418	2
33431	4
33432	12
33433	3
33435	2
33436	7
33437	2
33441	1
33442	1
33445	5
33446	7
33449	3
33455	1
33460	1
33463	3
33467	3
33469	10
33470	1
33472	1
33473	2
33477	5
33478	1
33480	14
33483	2
33484	4
33486	1
33487	9
33496	4
33545	1
33556	1
33558	1
33559	1
33569	1
33570	11
33572	1
33573	1
33579	2
33602	3
33604	1
33606	5
33607	1
33611	1
33613	1
33614	1
33615	1
33617	3
33629	1
33647	2
33706	2
33715	4
33756	1
33763	1
33772	1
33782	2
33786	1
33801	2
33808	1
33838	1
33856	1
33881	1
33897	1
33898	1
33901	2
33907	1
33908	2
33909	1
33912	1
33914	1
33921	1
33948	1
33950	1
33952	1
33953	1
33955	1
33957	1
33983	3
34102	5
34103	2
34105	1
34108	1
34110	2
34119	2
34135	4
34145	2
34200	9
34201	2
34208	1
34209	7
34221	1
34228	1
34235	1
34236	4
34238	4
34239	2
34243	5
34275	1
34285	1
34292	5
34293	2
3431	4
3440	1
34442	1
34465	1
34470	15
34471	1
34472	2
34476	1
34482	1
34602	1
34604	2
34606	1
34655	1
34667	2
34668	3
34683-176	1
34684	2
34685	2
34689	1
34698	1
34711	2
34712	1
34714	1
34746	1
34747	2
34759	2
34786	3
34787	1
34951	2
34952	1
34953	2
34981	1
34986	1
34990	2
34994	2
34997	2
35126	1
35147	1
35210	1
35243	1
35401	1
35749	2
35758	2
35763	2
35805	1
36064	1
36109	1
36117	1
36301	1
36303	2
36467	2
36542	3
36587	1
36608	1
36695	2
36703	1
36853	1
37013	1
37027	3
37042	4
37064	1
37066	1
37067	2
37076	1
37167	1
37174	1
37203	2
37205	3
37206	2
37207	1
37208	1
37209	1
37211	2
37212	3
37214	1
37215	3
37221	1
37343	1
37375	2
37405	1
3745	1
3753	4
3755	1
37660	1
37663	1
37774	1
37830	2
3784	1
37861	1
37879	1
37902	1
37917	1
37918	1
37920	1
37922	2
37930	1
3801	3
38103	1
38111	1
38117	1
38119	2
38120	2
38125	1
38128	1
38138	1
3820	1
38242	1
3842	2
3854	1
38578	1
3860	2
3865	2
38655	1
38801	1
3894	1
39042	1
3909	1
39194	1
39507	1
39556	1
39705	2
4005	1
40067	1
40108	1
4011	5
40203	1
40204	1
4021	1
40217	1
40218	1
40223	1
4027	1
40299	1
4032	1
40353	1
4037	1
4038	6
40409	1
40504	1
40508	1
40509	1
40513	1
40588	1
4069	1
4074	3
40744	1
4078	1
4084	1
4086	2
4092	2
4101	11
41011	1
4102	14
4103	7
4105	3
4106	3
4107	12
4112	2
41754	1
42025	1
4240	2
42647	1
43050	1
43065	2
43081	2
43160	1
43202	1
43210	1
43212	1
43215	1
43220	1
43221	1
43230	1
43235	3
43623	1
4402	1
44040	1
44041	1
44094	1
44102	5
44106	2
44107	1
44112	1
44113	1
44115	1
44118	6
44120	1
44122	2
44124	1
44125	1
44139	4
44140	1
44144	1
44202	1
44216	1
44286	1
44303	1
44311	1
44406	1
44425	2
44481	1
44602	1
4468	1
44701	1
44720	2
44814	1
45013	1
45069	1
45103	1
45133	1
45140	1
45150	1
45177	2
45202	2
45205	1
45208	2
45211	1
45226	1
45227	1
45233	1
45242	1
45243	1
45249	3
45305	1
45402	1
45404	1
45409	3
45414	2
45420	1
45440	1
45459	1
45840	1
46033	1
46077	3
46107	1
46112	1
46135	2
46142	1
46151	1
46203	1
46205	1
46208	1
46220	1
46224	1
46226	2
46241	1
46260	1
46268	1
46304	1
4631	6
46383	1
46385	1
46391	1
46530	2
46556	1
46614	1
46617	3
46637	11
46804	1
46807	1
47401	3
47714	1
47720	1
48009	1
48026	2
48038	3
48042	1
48044	6
48067	1
48070	1
48071	1
48072	1
48073	1
48084	1
48085	1
48092	2
48095	2
48098	2
48103	6
48104	1
48105	1
48135	1
48138	2
48150	2
48152	2
48167	1
48168	1
48180	2
48186	1
48187	5
48188	1
48192	1
48197	6
48201	1
48204	2
48207	2
48209	2
48212	3
48225	1
48226	3
48227	1
48230	3
48237	2
48302	4
48304	3
48306	1
48307	3
48309	2
48310	2
48313	5
48314	1
48315	2
48316	1
48317	2
48322	2
48323	1
48324	1
48331	8
48334	2
48335	1
48336	1
48363	3
48374	3
48377	2
48381	1
48393	1
48433	3
48439	2
4849	1
48507	1
4853	1
48602	1
4863	1
48640	1
48658	1
48823	4
48842	1
48864	1
48910	4
49007	1
4901	1
49010	1
49014	1
49015	1
49072	1
49085	1
49449	1
49455	1
49506	1
49512	1
49648	1
49712	1
49720	8
4978	1
49829	1
49855	1
50010	5
50021	4
50023	2
50112	3
50131	1
50265	1
50311	1
50312	2
50314	3
50315	1
50558	1
50579	1
5059	1
5091	1
5155	1
52003	1
52245	1
52556	1
5261	1
52722	1
53012	1
5303	1
53037	2
53045	1
53051	6
53072	1
53083	1
53085	2
53150	4
53188	1
53204	1
53208	2
53211	2
53212	1
53213	1
53214	1
53217	2
53218	1
53219	1
53223	1
53227	2
53402	1
5346	1
53523	1
53548	1
53558	2
53562	1
53566	1
5359	1
53703	9
53704	8
53711	5
53712	1
53715	1
53716	2
53913	1
54082	1
54229	1
54403	2
54476	1
54481	1
54636	1
5464	1
54701	1
5482	1
5491	1
54943	1
54944	1
54982	1
55044	1
55076	2
55104	2
55107	1
55108	1
55122	1
55311	1
55318	1
55331	3
55343	1
55347	1
55391	2
55403	2
55404	1
55405	3
55406	2
55407	1
55408	3
55409	1
55410	3
55413	1
55414	2
55415	1
55416	1
55419	3
55426	1
55434	1
55441	1
55811	2
55902	3
55987	1
5602	2
5701	1
57186	1
5751	2
5753	1
57702	1
58554	1
59011	1
59106	1
59474	1
59601	1
59632	2
59718	1
59719	1
59803	2
59825	1
59937	1
60004	2
60010	1
60015	3
6002	6
60022	1
60025	1
60026	1
6003	1
60035	3
60041	1
60047	5
60060	4
60062	1
60067	2
60068	1
60076	4
60077	1
60089	2
60091	2
60093	3
60103	1
60108	2
60123	1
60126	3
60130	2
60134	2
60137	1
60174	1
60175	1
60178	1
60185	2
60188	1
6019	1
60193	2
60201	7
60203	1
60302	5
60303	1
6032	51
6033	5
6035	1
6039	1
6040	2
60417	1
60446	1
60478	1
60490	1
6050	1
60504	1
60510	1
60511	3
60516	1
60517	3
60521	1
60525	6
60527	2
60527-082	1
60540	5
60558	3
60559	1
60563	1
6058	2
60601	5
60602	1
60603	1
60604	1
60605	5
60606	2
60607	4
60608	5
60609	1
60610	7
60611	8
60612	2
60613	12
60614	20
60615	8
60616	2
60618	8
60622	8
60623	1
60625	3
60626	2
60628	1
60630	2
60632	1
60637	5
60639	1
60640	9
60641	2
60642	2
60643	3
60645	2
60646	3
60647	4
60649	1
60654	7
60657	11
6066	1
60660	1
60661	3
6068	3
6069	4
6070	1
60712	1
60714	3
6073	1
60804	1
60805	1
6088	1
60901	1
6095	1
6103	1
6107	4
6108	1
6109	2
6114	3
6117	13
6119	1
61354	1
61361	1
61550	2
61604	2
61701	2
61801	1
61820	1
61821	1
623	1
6232	2
6248	1
62522	9
6260	1
6268	1
62704	1
62711	1
63005	1
63017	1
6302	1
63021	1
63023	1
63034	1
63042	1
63045	1
63104	1
63105	4
63114	1
63118	1
63119	4
63122	4
63124	1
63132	2
63141	4
63144	1
6320	1
6340	1
6360	2
63755	1
6378	3
6379	1
64012	1
6405	6
6410	1
64105	3
64109	1
64110	1
64111	2
64112	2
64113	2
64119	1
6412	2
6413	12
64157	1
6416	3
6423	4
6426	1
6432	1
6437	2
6440	2
6442	1
6443	2
64506	1
6457	1
6460	3
6461	3
6468	1
6470	3
6471	1
6472	1
6475	1
6477	6
6479	1
6482	2
6484	2
6488	7
6489	2
6510	6
65109	1
6511	9
6512	1
6514	2
6515	5
6516	3
6517	3
6518	1
6519	1
65203	1
6525	2
65401	9
65802	1
66012	1
6604	1
66044	2
66047	4
66048	1
6605	2
6606	3
66070	1
66085	1
6610	1
66103	1
66109	2
6611	12
6612	3
6614	3
662	1
66208	7
66211	1
66215	1
66285	8
66604	2
6704	1
6705	1
6712	1
67206	1
6736	2
67530	1
6754	5
6755	1
6757	1
6762	1
6776	4
6777	1
6782	1
6783	2
6784	2
68005	1
6801	1
6804	3
68046	1
6807	3
6810	23
68102	1
68106	2
6811	6
68114	1
6812	13
68131	1
68164	1
6820	42
6824	32
6825	2
6830	61
6831	68
6836	1
6840	33
6850	2
68508	1
6851	8
68512-234	1
68516	2
68526	1
6853	4
6854	3
6855	8
6865	1
6870	14
6877	22
6878	10
6880	49
6883	11
6890	7
68959	1
6896	5
6897	20
6901	5
6902	31
6903	29
6905	12
6907	4
69140	1
69181	1
698	1
70000	1
70002	2
70006	1
7001	2
7002	22
7003	24
7004	2
7005	3
70056	2
7006	17
70065	1
70068	1
7008	7
7009	7
7010	11
7011	3
70114	1
70115	4
70118	7
70119	2
7012	3
70122	3
70123	1
7013	7
70130	5
7014	8
7016	12
7017	6
7018	4
7020	19
7022	1
7023	3
7024	78
7026	2
7027	1
7028	6
7029	5
7030	74
7031	4
7032	6
7033	1
7034	1
7035	4
7036	8
70373	1
7039	12
7040	22
7041	3
7042	48
7043	35
7044	11
70448	3
7045	7
70458	1
7046	6
7047	20
7049	1
7050	15
70501	1
70510	1
7052	29
7054	3
7055	10
7057	1
7058	7
7059	27
70592	1
7060	13
70601	1
7062	1
7065	9
7066	3
7067	10
7068	4
7069	4
7070	10
7071	4
7072	6
7073	3
7074	4
7075	1
7076	12
7077	1
7078	36
7079	34
7080	9
70802	2
70803	1
70806	1
70808	5
70809	1
7081	6
70810	2
7082	1
70820	1
7083	55
7086	16
7087	16
7088	1
7090	25
7092	10
7093	27
7094	7
7095	2
7102	24
7103	8
7104	7
7105	1
7106	7
7108	3
7109	5
7110	10
7111	4
71115	1
7112	1
7114	1
71303	1
71909	1
7201	4
7202	9
7203	5
7204	4
7205	4
7207	1
7208	10
72130	1
72202	1
72205	1
72207	2
72212	1
724	1
72632	1
7267	2
72701	4
72843	1
72903	1
7302	85
73036	2
7304	10
7305	25
7306	27
7307	9
73072	1
7310	17
73106	1
73112	2
73118	2
73120	1
7361	2
7386	1
74006	1
7401	15
7403	4
7405	4
7407	7
7410	11
74104	1
74114	1
74137	1
7417	10
7419	2
7422	1
7423	5
7424	3
7426	1
7430	11
7432	3
7436	3
7438	1
7439	1
7442	1
7444	3
7446	5
7450	34
7452	16
7456	3
7457	2
7458	25
7463	2
7470	15
74701	1
7480	4
7481	21
74873	1
74880	1
7490	1
75007	1
75008	2
7501	1
75010	1
7502	1
75023	1
75024	3
7503	1
75034	1
75035	1
75039	1
75043	1
7505	1
75050	1
75052	1
75056	1
7506	4
75061	1
7508	4
75080	1
75081	1
75087	1
75093	2
75116	12
7512	2
7513	1
7514	1
75149	1
75165	1
75167	1
75201	1
75204	1
75205	4
75206	2
75208	2
75214	1
75216	1
75218	1
75219	1
75220	12
75225	3
75229	1
75230	2
75235	1
7524	1
75240	3
75243	2
75248	1
75254	6
75287	3
7540	1
75454	1
75472	1
75961	1
75965	1
76008	2
7601	22
76014	2
7603	6
76034	1
7604	1
7605	28
76063	1
7607	1
76102	1
76107	1
76109	6
76116	1
76155	3
7620	27
76201	1
76207	1
7621	20
7624	29
76244	1
76248	1
7626	41
7627	15
7628	11
7630	3
76308	1
7631	54
7632	31
7640	6
7641	10
7642	2
7643	5
7644	2
7645	5
7646	8
7647	1
7648	4
7649	10
7650	17
7652	23
76542	1
7656	2
7657	3
7660	6
7661	8
7662	1
7663	1
76657	1
7666	76
7670	51
7675	50
7676	24
7677	6
77002	1
77003	1
77004	1
77005	7
77006	1
77008	3
77009	1
7701	13
77015	1
77018	1
77025	1
77027	2
77030	1
77036	2
7704	4
77043	2
77047	2
77056	3
77057	2
77060	4
77064	1
77072	2
77082	1
77084	1
77088	1
77099	2
7711	3
7712	4
7716	5
7717	1
7718	1
7719	2
7721	4
7722	27
7723	1
7724	25
7726	29
7727	1
7728	21
77293	2
7730	2
7731	5
7732	1
7733	22
7734	1
77340	1
77346	1
7735	4
7737	1
7738	13
77382	1
77384	1
77388	1
77389	1
7739	3
7740	5
77450	1
77459	1
7746	9
7747	13
77479	1
7748	10
77489	5
77494	5
7750	7
7751	14
7753	4
77530	1
77546	1
7755	5
77551	1
7756	1
7757	1
7758	1
77584	4
7760	16
7762	3
7776	1
77840	1
77845	1
77864	1
77901	1
7792	1
78006	2
7801	1
78010	4
78023	1
78057	1
78130	3
78201	2
78205	1
7821	1
78212	4
78213	1
78218	1
78228	1
78229	2
7823	2
78232	1
78239	1
78250	2
78251	1
78253	2
78261	2
7828	1
7830	2
7834	3
7836	2
78412	1
7843	2
7848	1
7849	1
78526	1
7853	1
7856	1
7860	3
78610	1
78613	1
78628	4
78639	1
7866	8
78660	1
78669	2
7869	1
78701	7
78702	1
78703	3
78704	7
78705	1
7871	7
78723	2
78731	2
78732	3
78735	1
78737	2
7874	5
78741	1
78745	8
78746	1
78749	2
78750	4
78751	1
78753	2
78756	1
78757	3
78758	1
78759	2
7901	15
79109	1
7920	13
7921	2
7922	7
7924	6
7927	1
7928	21
7930	5
7931	4
7932	3
7936	3
7940	9
7945	4
7950	6
7960	19
7970	1
79705	1
7974	3
7976	3
7981	1
79912	2
79934	1
79935	1
79936	2
79938	2
8000	1
80004	3
80005	1
80011	1
80014	1
80016	2
8002	1
80027	2
8003	4
8005	2
8008	3
8009	1
80108	3
80111	3
80112	2
80113	2
80119	1
8012	1
80122	1
80134	1
8016	4
80202	1
80203	5
80204	1
80205	2
80206	2
80207	1
80209	3
8021	1
80211	7
80212	1
80218	7
80219	1
8022	1
80220	3
80221	3
80223	1
80228	1
80231	1
80232	1
80235	1
80237	2
80239	2
80247	3
8028	1
8030	1
80301	3
80302	3
80303	4
80304	1
8033	4
8034	3
80401-379	1
80403	3
80424	1
8043	1
80433	1
8049	3
80504	2
80516	1
80524	3
80526	1
8053	4
80534	1
80537	1
80537-879	1
8054	2
8055	2
80550	1
8060	2
8062	1
8065	2
80701	1
8072	1
8075	1
8077	2
8080	1
8081	1
80817	1
80818	1
8087	1
8088	6
8089	1
8090	1
80904	2
80907	1
80918	1
80919	1
8094	2
81301	1
81601	1
81611	1
81612	2
81620	1
81643	1
81656	2
82009	1
8204	2
8230	1
8234	1
8242	1
8248	1
82601	1
82716	1
83001	1
83014	2
8332	1
83455	1
83463	1
83536	1
8361	1
83642	1
83646	1
83706	1
83712	1
83713	1
83714	2
83835	1
83861	1
8401	2
84020	3
84032	1
84047	2
84060	5
84085	5
84088	1
84092	1
84098	3
84103	2
84106	1
84107	1
84109	1
84152	1
84770	2
84781	2
85006	3
85009	2
85012	5
85013	2
85015	2
85018	2
85020	3
85022	2
85023	12
85027	3
85028	3
85032	1
85044	4
85086	3
85087	4
8510	6
8512	7
85138	1
85140	1
8517	1
8520	6
85202	2
85205	1
85206	1
85208	1
85234	5
85248	1
85250	1
85251	3
85253	1
85254	7
85255	1
85257	1
85258	2
85260	2
85262	1
8527	10
85281	1
85282	1
85295	2
85302	1
85305	2
85308	11
85315	1
85331	1
85335	2
85339	1
8534	2
8535	1
85351	1
8536	3
85365	1
85379	2
85381	3
85383	4
85395	2
85396	3
8540	22
8541	1
8542	4
8543	1
8550	11
85541	1
8558	3
8560	1
85648	2
85701	1
85711	2
85712	1
85716	1
85718	2
85728	1
85736	1
85739	2
85743	1
85745	1
85749	3
85755	1
86001	1
86001-715	1
8603	1
8609	1
8618	2
8620	2
8628	3
86325	1
86326	1
86335	1
86336	2
8638	1
8648	5
8659	1
8680	1
8691	3
8701	61
87025	1
87106	1
87107	2
87108	5
87110	1
87111	1
87114	3
87122	1
87123	1
8723	15
8724	4
873	1
8730	1
8734	1
8738	2
8742	26
87501	4
87502	1
87505	3
87506	1
87508	1
8751	2
8753	6
87532	1
8755	14
8757	2
8758	5
87594	1
8805	4
8807	1
8810	1
8812	4
8816	17
8817	4
8820	16
8822	5
8823	2
8826	2
8828	1
8830	2
8831	36
8833	1
8836	1
8837	1
8840	7
8844	11
8846	1
8852	3
8854	9
8857	7
8859	2
8861	4
8865	1
8872	5
8873	19
8876	4
8878	1
8879	2
8882	1
8884	1
8900	1
89002	1
8901	10
89012	1
89014	1
8902	4
89031	3
89032	1
8904	2
89052	3
89101	1
89103	1
89104	2
89108	1
89109	9
89113	1
89117	5
89123	2
89134	1
89138	1
89139	3
89144	3
89145	4
89147	2
89148	3
89158	1
89169	2
89426	1
89447	1
89451	3
89451-852	1
89502	2
89503	5
89506	1
89509	3
89511	5
89521	1
90001	1
90004	11
90005	2
90006	1
90007	1
90012	1
90013	1
90014	2
90015	9
90016	1
90017	4
90018	1
90019	3
90020	2
90024	7
90024-311	1
90025	16
90026	5
90027	11
90028	3
90029	2
90031	1
90032	4
90033	2
90034	13
90035	3
90036	12
90038	3
90039	6
90041	1
90042	1
90043	1
90044	1
90045	3
90046	11
90048	11
90049	20
90056	1
90062	1
90064	11
90065	4
90066	7
90066-528	2
90067	6
90068	6
90069	16
90077	5
90094	2
901	1
90201	1
90210	28
90211	3
90212	9
90230	1
90232	1
90241	1
90245	1
90247	1
90250	1
90265	1
90266	3
90272	3
90275	2
90277	5
90278	1
90290	5
90291	12
90292	2
90293	2
90301	1
90401	4
90402	1
90403	12
90404	1
90405	3
90502	1
90503	2
90603	1
90631	2
90638	2
907	1
9070	1
90703	2
90720	1
90732	1
90740	1
90755	1
90802	3
90803	12
91001	1
91030	3
91040	2
91049	1
9109	2
911	3
91101	2
91103	2
91108	3
91203	1
91204	1
91301	3
91302	1
91303	1
91304	2
91311	1
91319	1
91320	3
91321	2
91324	1
91344	1
91355	1
91356-251	1
91364	2
91367	2
91387	1
91401	1
91403	8
91405	2
91406	1
91411	17
91423	7
91436	4
91501	1
91504	6
91505	8
91521	1
91601	6
91602	6
91604	3
91607	5
91702	3
91711	1
91721	2
91730	1
91762	2
91770	1
91775	1
91780	1
91784	1
91789	2
918	2
919	1
91902	1
91910	11
91911	2
91942	3
91949	1
92007	1
92009	4
92010	1
92011	1
92014	1
92019	1
92024	1
92025	1
92027	1
92037	17
92040	12
92056	11
92057	4
92075	2
92083	2
92101	7
92103	5
92104	2
92105	2
92106	2
92109	1
92109-602	1
92110	1
92115	8
92116	1
92117	1
92118	1
92120	4
92121	1
92122	2
92127	1
92131	1
92173	1
922	2
92211	1
92253	1
92262	3
92264	1
92270	1
92285	1
92354	2
92371	1
92392	1
92399	1
92506	1
92507	1
92530	5
92539	1
92553	1
92562	2
92591	3
92592	2
92596	1
926	3
92604	3
92612	2
92614	1
92617	3
92618	1
92625	1
92626	1
92629	1
92648	2
92649	3
92651	3
92657	1
92660	2
92672	1
92675	1
92677	1
92691	1
92705	1
92780	6
92804	1
92807	1
92821	2
92833	1
92840	2
92869	2
92870	1
92887	2
92929	1
93010	1
93013	1
93063	1
93105	4
93108	1
93274	1
93312	1
93313	1
93401	1
93402	1
93420	1
93441	1
93449	1
93453	1
93463	1
93543	1
93550	2
93560	1
93561	1
936	2
93657	2
93728-301	2
93730	1
93923	1
94002	1
94010	5
94022	3
94025	5
94026	1
94040	1
94041	1
94044	2
94061	1
94062	10
94063	1
94065	2
94066	1
94070	2
94080	2
94086	1
94102	10
94103	7
94104	2
94105	4
94107	12
94108	2
94109	12
94110	14
94111	2
94112	2
94114	7
94115	18
94116	3
94117	16
94118	4
94121	6
94122	7
94123	10
94127	3
94129	2
94131	7
94132	1
94133	3
94134	1
94158	4
94301	2
94305	1
94306	6
94402	4
94403	2
94404	2
9443	1
94501	3
94506	2
94513	1
94517	1
94521	1
94530	11
94538	1
94539	6
94541	1
94542	2
94544	1
94549	2
94551	1
94553	2
94556	1
94559	1
94560	1
94568	1
94577	2
94579	2
94582	1
94590	8
94591	2
94596	3
94597	2
94598	1
94601	1
94602	2
94606	5
94607	4
94608	6
94609	6
94610	4
94611	10
94612	3
94618	5
94701	1
94702	1
94703	14
94704	2
94705	2
94706	2
94707	6
94708	2
94804	3
94901	1
94904	2
94920	5
94930	3
94939	7
94941	3
94947	1
94952	2
94960	2
94965	5
94971	1
95001	1
95008	2
95023	1
95032	2
95035	1
95056	1
95060	3
95060-227	1
95066	1
95076	1
95112	3
95118	2
95120	2
95123	1
95124	1
95125	1
95126	1
95128	2
95129	2
95130	1
95131	1
95134	1
95219	1
95301	1
95306	1
95316	5
95322	1
95338	2
95350	3
95379	4
95382	1
95401	1
95404	3
95409	1
95444	1
95476	1
95492	1
95519	1
95538	1
95540	1
95603	1
95610	1
95616	1
95616-362	1
95618	2
95628	1
95630	1
95662	2
95670	1
95677	1
95687	1
95691	6
95746	1
95758	1
95814	4
95815	1
95816	2
95817	2
95819	1
95821	1
95825	1
95826	1
95831	1
95832	1
95864	1
95901	1
95926	1
95945-560	2
95959	1
96001	1
961	1
966	4
96704	1
96720	3
96734	1
96754	1
96778	2
96789	1
96813	2
96814	1
96815	2
96817	2
96819	1
96821	1
96822	1
969	2
97008	1
97035	2
97062	1
97068	1
97070	1
97080	2
97132	1
97201	1
97202	5
97203	2
97205	1
97206	1
97209	1
97210	2
97211	3
97212	2
97213	5
97214	4
97215	2
97217	2
97219	1
97220	1
97221	2
97222	1
97227	1
97229	3
97230	1
97239	1
97266	1
97302	1
97402	1
97403	7
97439	1
97441	1
97526	1
97702	1
97760	1
979	1
98001	1
98006	3
98011	1
98024	1
98026	2
98029	2
98033	3
98036	1
98040	2
98052	3
98070	1
98074	3
98087	1
98092	1
98101	2
98102	12
98103	1
98104	1
98107	2
98108	1
98109	1
98110	3
98112	6
98115	7
98116	1
98117	4
98118	1
98121	2
98122	4
98125	1
98133	2
98136	1
98144	2
98144-712	1
98168	1
98177	1
98199	1
98201	1
98208	1
98221	3
98223	2
98226	5
98258	1
98273	1
98277	1
9830	1
98366	1
98382	2
98383	1
98386	3
9839	2
98422	2
98444	1
98464	1
98501	1
98502	2
98503	1
98506	1
98512	1
98516	1
98531	1
98682	2
98684	1
98862	1
98926	4
99201	1
99208	1
99301	2
99336	2
99352	2
99362	1
99645	1
99652	1
99654	1
99709	1
99835	1
E8 4PH	1
M4M 1G7	1
N1P 1E5	1
N44NJ	1
SE15 5AX	1
SW 75	1
SW16 1NL	1
TW16 7PQ	2
V8V 2E8	1
W2 4JJ	1
