-100	1
0	1
10	1
100	1
10001	424
10002	1257
10003	1324
10004	359
10005	166
10006	77
10007	660
10008	12
10009	971
1001	1
10010	901
10011	1697
10012	755
10013	1405
10014	1115
10015	20
10016	1102
10017	579
10018	171
10019	905
1002	13
10020	9
10021	2460
10022	1220
10023	2028
10024	2256
10025	2254
10026	404
10027	695
10028	1545
10029	891
10030	292
10031	655
10032	804
10033	897
10034	550
10035	387
10036	663
10037	336
10038	662
10039	215
10040	452
10041	1
10043	4
10044	172
10045	1
10046	2
1005	2
10050	3
10052	1
10053	1
10058	1
1006	2
10065	462
10069	98
1007	3
10075	472
10078	1
10083	1
10090	1
10091	1
10100	1
10103	11
10105	7
10106	1
10107	5
10108	26
1011	1
10110	4
10111	5
10112	4
10113	11
10116	7
10118	9
10120	4
10121	3
10122	22
10123	5
10125	1
10126	2
10128	1813
10129	3
10138	1
10150	8
10151	1
10152	2
10153	3
10154	3
10155	5
10158	23
10159	2
10162	53
10163	10
10164	1
10165	29
10166	18
10168	1
10169	2
10170	3
10171	2
10174	6
10175	2
10176	1
10177	2
10178	10
10185	1
10203	1
10207	2
10211	1
10268	2
1027	1
10271	2
10274	1
10276	2
10279	39
1028	2
10280	176
10281	2
10282	66
1030	3
10301	1304
10302	177
10303	274
10304	940
10305	631
10306	885
10307	211
10308	331
10309	486
10310	592
10311	1
10312	813
10313	4
10314	1323
10343	1
10365	1
10420	1
10421	1
10451	218
10452	483
10453	489
10454	104
10455	168
10456	439
10457	422
10458	406
10459	126
10460	243
10461	527
10462	444
10463	1130
10464	140
10465	592
10466	289
10467	500
10468	604
10469	522
10470	103
10471	676
10472	260
10473	376
10474	36
10475	601
10477	1
10480	1
10481	2
10483	2
10496	1
10501	8
10502	21
10503	2
10504	96
10505	1
10506	65
10507	3
10509	15
1051	1
10510	71
10511	1
10512	19
10514	117
10516	1
10517	2
10518	18
10520	41
10522	34
10523	30
10524	7
10525	1
10526	4
10527	3
10528	56
10530	49
10532	10
10533	75
10536	87
10537	1
10538	160
10540	1
10541	35
10543	73
10546	3
10547	2
10548	6
10549	78
10550	49
10551	1
10552	87
10553	37
10555	1
10560	14
10561	1
10562	40
10563	3
10564	1
10565	1
10566	30
10567	31
10570	46
10573	65
10576	27
10577	25
10578	2
10579	3
10580	139
10583	411
10588	4
10589	11
1059	1
10590	13
10591	65
10592	1
10594	8
10595	60
10596	2
10597	2
10598	57
106	4
1060	2
10601	51
10603	41
10604	35
10605	82
10606	34
10607	46
10609	1
10614	1
1062	2
10622	1
10663	1
1068	1
10687	1
107	13
10700	1
10701	96
10702	1
10703	30
10704	73
10705	75
10706	90
10707	33
10708	160
10709	33
10710	93
10724	2
1073	1
1074	1
1075	1
10750	2
10765	1
10787	1
10788	1
10800	1
10801	117
10803	107
10804	153
10805	37
10806	1
10811	1
10823	3
10836	2
10853	2
10856	1
10880	1
10901	37
10903	1
10907	1
10913	9
10914	1
10916	2
10918	10
1092	1
10920	25
10921	3
10923	2
10924	6
10925	3
10926	8
10927	3
10928	1
10930	9
10940	9
10941	6
10946	1
10950	22
10952	43
10953	1
10954	24
10956	81
10958	1
1096	1
10960	36
10962	7
10964	18
10965	16
10970	17
10972	1
10974	5
10977	33
10980	15
10983	11
10984	1
10986	3
10987	32
10989	21
10990	10
10992	3
10993	1
10994	16
10996	1
10998	2
10A	1
11001	119
11002	1
11003	112
11004	465
11005	42
11006	1
11009	2
1101	1
11010	38
11011	1
11013	1
11017	1
11020	151
11021	289
11022	4
11023	105
11024	123
11027	3
11030	411
11031	1
11036	1
1104	1
11040	329
11042	25
11046	1
11050	217
11052	2
11053	1
11056	1
11057	1
1108	1
1109	1
11096	10
11101	981
11102	409
11103	470
11104	1140
11105	506
11106	519
11107	1
11108	2
11109	142
11110	1
11120	1
11126	1
11137	1
11151	1
11169	1
11170	1
11201	3143
11202	13
11203	1068
11204	558
11205	599
11206	662
11207	865
11208	530
11209	1096
11210	1083
11211	1101
11212	560
11213	781
11214	467
11215	3380
11216	1010
11217	1678
11218	1015
11219	622
11220	717
11221	969
11222	460
11223	597
11224	234
11225	651
11226	975
11227	1
11228	451
11229	604
11230	873
11231	1312
11232	182
11233	1137
11234	1059
11235	617
11236	949
11237	295
11238	1371
11239	115
11240	2
11241	145
11242	56
11243	4
11247	1
11248	1
11254	2
11255	1
11257	1
11261	1
11265	1
11273	1
11277	3
11292	1
11303	1
11305	3
11307	1
11310	1
11322	2
11335	1
11337	2
11342	2
11344	1
11346	1
11351	4
11352	8
11354	1279
11355	1333
11356	365
11357	1220
11358	876
11359	4
11360	640
11361	553
11362	471
11363	428
11364	742
11365	666
11366	298
11367	323
11368	579
11369	379
11370	285
11371	2
11372	1656
11373	792
11374	497
11375	2024
11377	1376
11378	381
11379	567
11380	3
11381	3
11383	1
11385	651
11395	1
11402	1
11411	242
11412	597
11413	730
11414	439
11415	305
11416	204
11417	205
11418	347
11419	414
11420	328
11421	191
11422	369
11423	402
11424	1
11425	3
11426	378
11427	374
11428	222
11429	232
1143	1
11430	4
11431	7
11432	792
11433	240
11434	797
11435	429
11436	155
11437	1
11439	3
11449	2
11455	1
11460	1
11474	1
11475	1
11476	1
11500	1
11501	56
11506	1
11507	113
11508	1
11509	24
11510	69
11512	1
11513	2
11514	12
11515	1
11516	41
11517	1
11518	29
11519	1
1152	1
11520	71
11522	1
11529	1
11530	169
11531	1
11534	1
11537	1
11542	79
11545	163
11546	1
11547	4
11548	1
11549	2
11550	67
11551	1
11552	58
11553	14
11554	96
11556	5
11557	72
11558	9
11559	117
11560	88
11561	87
11563	37
11565	35
11566	82
11568	92
11569	3
1157	1
11570	100
11571	1
11572	68
11575	12
11576	189
11577	117
11578	1
11579	16
11580	143
11581	114
11582	1
11590	107
11592	1
11595	1
11596	52
11598	127
11601	1
11603	3
11613	2
11619	1
11621	1
11632	1
11639	1
11676	1
11684	1
11691	418
11692	153
11693	91
11694	204
11695	1
11696	1
11697	70
11699	1
11701	12
11702	8
11703	11
11704	19
11705	9
11706	30
11707	1
11708	1
11709	27
11710	82
11712	1
11713	6
11714	53
11715	1
11716	13
11717	41
11718	5
11719	2
11720	15
11721	12
11722	11
11724	20
11725	36
11726	11
11727	6
11729	24
11730	9
11731	44
11732	15
11733	8
11734	1
11735	39
11738	4
11739	3
1174	1
11740	27
11741	19
11742	7
11743	94
11745	1
11746	166
11747	65
11749	2
11751	23
11753	100
11754	9
11755	9
11756	35
11757	29
11758	77
11762	22
11763	10
11764	10
11765	8
11766	14
11767	8
11768	35
11769	2
1177	1
11770	1
11771	106
11772	19
11773	2
11776	7
11777	5
11778	2
11779	12
11780	23
11782	6
11783	29
11784	3
11785	1
11786	3
11787	30
11788	32
11790	5
11791	169
11792	2
11793	40
11794	1
11795	19
11796	1
11797	71
11798	13
11800	1
11801	64
11802	2
11803	106
11804	10
11868	1
11877	1
11879	1
11893	1
11901	8
11903	3
11911	1
11927	1
11930	2
11931	1
11932	5
11933	5
11934	6
11935	12
11937	27
11940	3
11941	2
11942	3
11944	5
11946	8
11948	1
11949	1
11950	2
11952	4
11953	5
11954	2
11956	6
11957	3
11959	10
11962	5
11963	33
11964	31
11965	23
11967	5
11968	15
11969	2
11970	1
11971	2
11975	3
11976	11
11977	2
11978	9
11980	2
11995	1
1201	2
12010	2
12015	3
12018	4
12019	3
12020	1
12037	6
12043	1
12047	5
12054	35
12061	7
12065	8
12067	1
12075	6
12077	5
12078	3
12084	1
12085	1
12106	5
12110	13
12118	1
12123	1
12144	4
12148	2
12158	1
12159	8
12165	3
12166	1
12180	11
12182	3
12186	2
12188	1
12189	3
12196	1
12198	3
12201	2
12202	4
12203	21
12204	4
12205	4
12206	3
12207	75
12208	25
12209	5
12210	140
12211	115
12212	3
12224	1
12257	1
1230	14
12302	2
12303	3
12304	1
12309	11
12330	1
1234	1
1235	1
1236	6
12401	11
12402	1
12414	1
12428	1
12432	1
1244	1
12440	2
12442	1
12443	2
12449	2
1245	2
12457	2
12461	1
12464	1
12466	2
1247	2
12473	1
12474	1
12477	4
12484	1
12487	2
1248L	1
12490	1
12491	1
12498	5
12501	3
12502	2
12503	2
12504	1
12508	6
12514	1
12516	2
12517	2
12518	4
1252	2
12520	8
12522	1
12524	3
12526	2
12528	2
12529	6
12530	1
12531	2
12533	13
12534	2
12538	1
12540	7
12543	1
12545	6
12549	3
12550	12
12553	14
12561	10
12563	5
12564	16
12565	3
12567	3
1257	2
12571	14
12572	1
12574	3
12577	3
12580	1
12581	2
12582	1
12586	2
12589	2
12590	5
12594	3
12601	8
12603	19
12608	1
1266	1
12701	9
12719	1
12723	1
12729	1
12746	2
12748	1
12760	1
12762	1
12763	1
12765	1
12771	1
12775	1
12777	2
12804	2
12815	1
12838	1
12845	1
12866	4
12883	1
12913	1
13021	1
13027	1
13029	1
13053	2
13066	6
13073	1
13077	1
13078	2
13088	1
13126	1
13159	1
13202	5
13205	4
13206	1
13207	1
13210	2
13212	1
13214	1
13215	2
13224	2
13261	2
13323	1
13370	1
1350	1
13505	11
1351	2
13601	1
1366	2
13669	2
1373	3
13731	1
13778	1
13790	1
13806	1
13815	1
13833	1
13850	2
13856	1
13862	1
13903	2
13905	1
13951	1
14020	1
14040	1
14043	3
14051	6
14072	2
14111	1
14120	2
14127	2
14174	1
14201	5
14202	3
14203	1
14206	2
14208	4
14209	5
14211	3
14214	1
14215	1
14216	1
14217	4
14221	9
14222	2
14224	1
14225	1
14226	3
14227	1
14228	3
14233	1
1430	1
14411	1
14450	8
14468	1
14534	1
14586	1
14589	1
14604	6
14607	1
14609	1
14610	2
14612	12
14613	1
14615	1
14616	1
14623	1
14625	1
1473	1
14736	1
14760	2
14830	4
14840	2
14850	8
14870	1
150	3
15015	1
15108	1
15116	1
15120	1
15129	1
15143	2
15146	1
152	1
15203	2
15206	4
15207	1
15212	1
15215	1
15221	3
15222	1
15230	2
15236	3
15241	2
1530	1
15317	1
154	1
15425	1
155	1
15530	3
156	1
15690	1
15698	1
1575	1
15931	2
1602	2
1604	1
16335	1
16463	1
16506	1
16510	1
166	1
16827	1
16947	1
16950	1
1701	2
17011	1
17013	1
17025	2
1703	1
17036	1
17042	3
17046	3
17055	2
17061	1
1707	1
17070	1
17078	1
17090	1
17102	2
17108	2
17111	1
17112	1
1714	1
1719	1
1720	1
1730	1
17331	1
17340	1
17403	3
1742	4
1748	1
1754	2
17543	1
17552	1
17566	1
1760	4
17603	1
17648	1
17649	1
17656	1
17701	2
1772	1
1773	1
17746	1
1776	1
17851	1
17857	5
17901	1
17963	1
17981	1
18017	5
18018	2
1803	1
18034	1
18040	1
18042	2
18045	2
18049	1
18062	3
18064	1
18067	1
1810	2
18102	1
18104	1
18182	1
1822	1
18235	1
18301	5
18302	2
18324	1
18327	1
18330	2
18332	1
18337	2
18344	1
18347	1
18349	3
18353	1
18357	1
18360	4
18361	1
18415	2
18417	1
18424	1
18428	1
18431	1
18436	1
18466	2
185	1
18502	1
1851	6
18512	1
18610	2
1864	2
18640	1
18641	1
1867	1
1879	1
1880	2
18801	1
18901	3
18902	1
1893	1
18933	1
18938	2
18940	2
18950	1
18954	1
18963	1
18966	3
18974	2
18977	1
19002	2
19004	2
19006	2
19007	2
19008	3
19010	2
19025	1
19026	2
19027	1
19034	5
19035	1
19038	2
19040	1
19041	1
19044	2
19046	3
19050	2
19053	1
19057	1
19061	2
19066	3
19067	5
1907	3
19073	1
1908	1
19085	7
19087	5
19095	2
19096	7
19102	14
19103	48
19104	8
19105	4
19106	4
19107	2
19115	1
19116	3
19118	3
19119	9
19128	5
19129	2
19130	2
19133	1
19139	3
19143	5
19144	4
19146	4
19147	2
19148	2
1915	2
19150	1
19152	1
19154	1
19175	1
19312	3
19317	6
19348	8
19350	1
19352	1
19382	7
1940	1
19403	2
19406	1
19417	1
19421	3
19422	3
19426	1
1944	2
19444	5
19446	3
1945	2
19454	3
19462	3
19510	2
19518	6
19530	2
19533	1
19549	1
19567	1
19610	1
19702	3
19707	2
1972	3
19729	1
19732	1
19801	1
19802	1
19803	1
19806	1
19807	9
19808	2
19809	1
19810	1
1982	1
1984	1
19934	1
19947	1
19956	1
19958	1
19963	2
19971	1
19977	1
2000	1
20001	69
20002	18
20003	21
20004	21
20005	19
20006	30
20007	30
20008	55
20009	49
2001	3
20010	14
20011	11
20012	10
20015	23
20016	77
20017	4
20018	2
20019	1
20020	1
20024	6
20032	1
20035	1
20036	21
20037	5
20050	1
2006	3
20118	5
20121	1
20129	1
20147	4
20151	3
20155	3
20164	1
20165	3
20166	3
20169	2
20170	1
20171	4
20176	3
20186	1
20187	1
20189	1
20190	1
20191	2
20194	1
2021	3
20212	1
2025	2
2026	2
2035	2
2038	2
20405	1
2045	1
2048	2
2050	1
2052	1
2053	1
20613	1
20653	1
20654	1
2066	1
2067	1
20678	1
20685	1
20705	1
20706	1
20707	3
20710	2
20712	1
20716	2
2072	2
20720	4
20721	6
20723	2
20735	3
20744	6
20746	2
20765	1
20769	1
20770	4
20772	9
20773	1
20774	5
20777	2
20781	2
20782	3
20783	1
20785	7
2081	1
20812	1
20814	12
20815	43
20816	6
20817	12
20832	1
20833	1
20841	1
20850	2
20852	5
20853	2
20854	19
20855	3
20876	1
20877	4
20878	12
20882	1
20895	4
2090	1
20901	1
20902	7
20903	4
20904	6
20906	4
20910	7
20912	11
2093	1
20990	1
21012	1
21015	1
2102	1
21042	3
21043	2
21044	4
21045	1
21047	1
21071	2
21075	1
2109	1
21093	1
2111	4
21113	4
21117	3
2113	1
21136	1
2114	4
21146	1
2115	1
2116	11
21163	2
2118	4
2119	2
2120	1
21201	1
21202	1
21206	1
21207	1
21209	2
2121	1
21210	3
21211	2
21214	1
21215	3
21217	1
21218	4
21221	2
21224	3
21228	1
21230	3
21231	1
2124	4
2127	1
2128	4
2129	3
2130	5
2131	4
2132	2
2134	1
21349	1
2135	8
2138	19
2139	13
2140	10
21401	4
21409	1
2141	2
2142	3
2143	2
2146	2
2148	2
2149	1
2150	1
2159	2
216	1
21613	1
2163	4
2169	1
21702	4
21704	1
21710	3
21719	1
21737	1
21741	1
2176	1
21769	7
21793	2
21801	1
2186	2
2188	2
21921	1
2199	3
22003	2
22026	1
22030	6
22031	1
22032	1
22033	2
22039	1
22041	1
22042	1
22043	1
22044	4
22066	6
2210	1
22101	7
22102	6
2215	1
22151	1
22152	2
22180	2
22181	2
22182	2
22193	1
22201	15
22202	5
22203	1
22204	1
22205	8
22206	3
22207	3
22209	2
22218	1
22301	6
22302	5
22304	4
22305	1
22306	1
22307	7
22308	4
22309	1
22311	1
22312	2
22314	5
22315	1
22318	1
22709	1
22901	2
22902	1
22903	4
22920	1
22924	1
22938	1
22940	1
22946	1
22963	1
23005	1
23043	1
23061	1
23063	3
23112	1
23113	4
23114	5
23219	2
23220	2
23221	1
23224	1
23225	2
23227	3
23228	2
23229	1
23231	3
23233	1
23235	3
23236	1
2324	1
23294	1
2332	7
23320	1
23321	1
2333	1
23430	1
23434	1
23451	2
23452	4
23462	1
23464	1
23505	1
2351	2
23517	1
23518	1
2356	2
2359	1
2360	2
2364	1
23662	1
23805	1
23831	1
23832	3
23836	1
23966	1
24060	1
24091	1
2420	2
2421	4
2445	3
24450	1
2446	8
2459	6
2460	7
2465	3
2466	2
2467	5
2468	5
2472	2
2474	1
24740	1
2476	1
2478	5
24800	1
2481	3
2482	1
2485	1
2492	4
2493	5
2494	1
24996	1
25313	1
25325	1
2535	1
2536	1
2539	2
25422	1
2560	1
2562	1
2571	2
2575	1
25803	1
26003	1
2633	2
2640	1
2642	1
27012	1
2708	1
27104	1
27215	2
27262	1
27292	1
27295	1
27306	1
27310	1
2738	1
27408	1
27410	1
2745	1
2748	1
27501	1
27510	2
27516	1
27517	2
27518	2
27527	1
27530	3
27539	1
27602	1
27607	1
27608	1
27612	2
27615	1
27616	2
27617	1
2762	1
27703	2
27705	3
27707	1
27708	1
27709	2
27713	6
27803	1
27870	1
28010	1
28025	1
28031	1
2807	1
28078	1
28146	1
2816	1
28173	1
2818	3
28203	2
28207	1
28210	2
28211	1
28213	1
28220	1
28227	3
28262	1
28269	5
28270	1
28273	1
28277	1
28352	1
2840	1
28409	2
28412	23
2842	1
28443	1
2852	3
2853	1
28546	1
28562	1
28625	1
28677	1
28731	1
2879	1
2889	1
2891	1
29048	1
2906	3
2908	1
2910	1
29150	1
29203	2
29223	1
29407	3
29432	1
29466	2
29485	3
29512	1
29574	1
29607	1
29615	1
29626	1
29860	1
29943	1
30004	1
30008	1
30013	1
30019	1
30022	5
30030	4
30032	2
30033	1
30039	2
30040	3
30041	1
30043	2
30047	1
30058	1
30067	2
30068	1
30075	2
30076	1
30080	5
30082	1
30087	3
30092	1
30096	2
30097	3
30106	1
30126	1
30157	2
30213	1
30215	1
30228	1
30233	1
30252	1
30253	2
30260	1
30281	2
30294	1
30295	1
30303	1
30305	4
30306	5
30307	2
30308	1
30309	7
30311	1
30312	1
30316	1
30318	1
30322	1
30324	1
30327	3
30328	3
30329	1
30331	3
30336	1
30338	2
30339	1
30340	1
30349	2
3045	1
30566	1
30605	1
30606	3
3070	1
3087	2
3090	1
3102	1
3103	1
3104	4
31052	1
3110	16
31206	1
31216	1
31226	1
31313	1
31405	3
31721	1
31792	1
31808	1
31906	1
32034	4
32065	1
32080	1
32117	1
32127	1
32137	2
3215	1
3216	1
32162	1
3221	1
32217	1
32218	1
32256	1
32303	2
32304	2
32312	4
32401	2
32413	1
32547	1
32548	1
3255	1
32561	1
32601	2
32607	1
32608	1
32622	1
32625	1
32653	2
3266	2
32713	1
32750	2
32751	2
32765	4
32778	1
32779	2
32780	1
32789	1
32792	1
32801	1
32802	2
32806	1
32810	1
32812	2
32814	1
32818	1
32819	1
32821	1
32824	1
32828	4
32829	1
32832	1
32907	1
32940	3
32953	1
32960	4
32963	2
3301	1
33018	1
33019	1
33021	4
33026	6
33027	2
33029	2
33031	3
33055	1
33056	1
33062	5
33063	1
33065	4
33067	5
33069	1
33073	2
33076	5
33077	1
33100	1
33101	2
33109	1
33126	1
33129	1
33131	6
33133	4
33134	4
33137	3
33138	4
33139	6
33140	2
33141	2
33143	7
33146	2
33149	2
33154	4
33155	3
33156	4
33158	1
33160	7
33161	1
33164	1
33167	1
33169	5
33176	5
33180	2
33280	1
33301	2
33304	4
33308	2
33310	1
33311	1
33312	1
33321	4
33322	4
33323	1
33324	5
33326	2
33327	1
33328	2
33351	2
33401	4
33404	1
33410	5
33411	1
33413	1
33414	1
33418	1
33420	1
33428	2
33431	1
33432	3
33433	2
33434	2
33435	6
33436	1
33437	4
33442	4
33444	1
33445	3
33446	3
33457	1
33458	1
33463	1
33467	5
33472	1
33477	2
33478	1
33480	8
33484	3
33487	6
33496	8
33542	1
33594	1
33606	1
33609	1
33610	1
33614	13
33615	2
33617	1
33624	2
33625	1
33626	2
33629	1
33637	1
33647	1
33713	1
33715	1
33759	1
33763	1
33764	1
33771	1
33777	1
33782	1
33801	1
33908	2
33909	1
33917	3
33928	2
33935	1
33957	1
33980	1
33991	1
34108	1
34109	2
34112	1
34119	4
34134	2
34145	1
34201	1
34202	1
34228	5
34229	1
34231	2
34232	1
34234	2
34235	1
34236	4
34238	1
34239	2
34242	2
34243	1
34286	1
34287	1
34288	1
34293	1
3431	1
34420	1
34465	1
34473	1
34476	1
34477	1
34480	1
3449	1
3456	1
34608	2
34638	2
34652	1
34653	1
34668	3
34684	1
34698	1
34703	1
34741	1
34743	1
34744	1
34746	1
34747	1
34758	2
34759	1
34772	1
34787	1
34953	1
34983	1
34990	1
34996	2
35011	1
35203	1
35215	1
35217	1
35222	1
35401	1
35758	1
36116	1
36695	1
37027	2
37064	1
37095	1
37115	1
37128	1
37130	1
37205	1
37207	5
37212	2
37215	3
37217	1
37302	1
37403	1
37404	1
37405	1
3755	3
37659	1
37664	1
37772	1
37804	1
3782	2
37862	1
37902	1
37922	1
37931	1
38004	1
38018	3
38111	1
38117	1
38120	7
3833	2
3841	1
3854	1
38544	1
38701	2
39042	1
39060	1
3911	1
39288	1
39296	1
39401	1
39402	1
39564	1
39573	1
39702	1
39886	1
40059	1
4010	1
40205	1
40206	1
40207	2
40220	15
40223	6
40507	1
40509	1
40583	1
4070	1
4092	1
4096	3
4102	1
4108	1
41465	1
4210	1
42220	1
4240	1
42413	1
4281	1
43017	1
43065	2
43082	1
43206	1
43209	1
43214	1
43215	7
43221	1
43232	1
4345	1
4353	2
43606	1
43613	1
43620	1
43906	1
43968	1
44070	1
44074	1
44108	3
44113	2
44114	1
44120	2
44121	1
44133	1
44139	1
44144	1
44145	1
44202	1
44212	2
44223	2
44233	1
44236	1
44241	1
44256	2
44272	1
44278	1
44303	1
44313	1
44512	1
44614	1
44622	1
4471	1
4476	1
44833	1
45140	1
45230	1
45243	1
45258	1
45309	1
45325	1
45387	1
45405	1
45701	1
45822	1
45840	1
46220	1
46227	1
46233	1
46556	1
46617	1
4676	1
47130	1
47150	1
47201	1
47591	1
47802	1
48026	5
48034	1
48071	4
48073	3
48076	1
48103	3
48105	1
48130	3
48152	1
48154	1
48183	1
48188	1
48197	2
48203	1
48207	2
48221	3
48226	3
48230	1
48268	1
48302	2
48322	2
48328	1
48502	1
48603	1
48623	2
48843	2
48864	1
48872	1
48906	1
48912	1
49005	1
49008	1
49391	1
49423	1
49508	1
4952	1
4J	1
50001	1
50266	1
50311	2
50312	2
5089	1
5110	1
51501	1
52001	1
52003	1
5201	2
52162	1
52240	2
5257	1
52722	1
5301	14
53017	1
53078	1
53090	1
53143	1
53202	1
53208	2
53212	1
53213	1
53217	1
5346	11
5353	4
53703	1
53704	1
53711	1
53717	1
5401	2
54016	1
5402	1
5403	3
54313	1
5443	1
5446	1
5482	2
54868	1
5489	1
55045	1
55057	1
55104	1
55106	1
55110	2
55112	1
55115	1
55118	1
55127	1
55349	1
55391	2
55410	2
55414	1
55419	1
55423	1
5602	2
56510	1
5672	1
57186	1
5753	2
58102	1
58103	1
58203	1
58316	1
58576	1
59425	1
6001	2
60010	5
60015	3
60016	1
60022	1
60025	2
60030	7
60035	1
60043	1
60045	4
60047	2
60056	1
6006	2
60067	4
60068	2
60070	1
60076	1
60077	2
60089	1
60101	1
60108	2
60120	1
60126	1
60130	2
60134	1
60137	1
60142	1
60201	7
60202	3
6032	32
6033	1
6037	2
6039	3
6040	2
60402	2
60422	1
60423	2
60429	3
60440	1
60455	1
60463	1
60467	1
60477	1
60487	1
60491	1
605	1
60504	1
60507	1
60521	5
60523	1
60527	2
6053	1
60540	1
60555	2
60561	1
60565	1
6058	1
6060	1
60601	4
60602	1
60603	1
60605	5
60606	8
60607	2
60609	1
60610	10
60611	6
60612	2
60613	1
60614	13
60615	5
60616	4
60617	1
60618	1
60620	1
60622	7
60625	2
60626	1
60627	1
60632	4
60635	1
60637	1
60640	2
60641	1
60647	2
60649	3
60654	1
60657	7
60659	1
6066	3
60660	1
6069	1
60712	2
60804	1
6082	2
6084	3
6089	1
6092	1
6103	1
6105	6
6106	1
6107	3
6109	2
6110	1
6112	2
6114	1
6117	2
6119	3
61525	1
61546	1
618	1
61801	1
61821	2
61822	1
62002	1
62025	1
62062	1
6226	1
62260	1
6230	1
6231	1
62341	1
6256	2
6260	1
62803	1
63005	2
63017	3
63021	1
63074	1
63080	1
63105	10
63108	5
63117	1
63118	1
63122	2
63123	1
63124	3
63129	1
63130	5
63131	3
63132	5
63141	8
63144	1
63146	2
6320	1
63309	1
6340	1
6351	1
6355	1
6371	3
6381	1
6401	1
6405	2
64055	1
6410	1
64109	1
64110	1
64112	4
6413	3
64133	1
64151	1
6416	1
6417	1
6422	1
6426	1
6430	1
6437	1
6441	3
6450	1
6451	1
6460	9
6461	4
6468	2
6470	4
6471	1
6473	5
6475	1
6477	1
6482	2
6483	1
6488	2
6489	1
6490	3
6492	2
6501	2
65018	1
6510	1
6511	14
6514	2
6516	1
65202	1
65203	1
6525	3
6604	5
6605	1
6606	1
6610	1
6611	13
6612	1
6614	2
66201	1
66202	1
66213	1
66215	1
66216	1
66436	1
66611	1
6704	2
6705	1
67050	1
6716	1
67282	1
67400	1
67480	1
6750	1
6751	1
6754	1
6756	3
6757	3
6762	1
6770	1
6776	7
6784	2
6785	1
6794	1
6796	1
6798	2
6804	4
6807	3
6810	6
6811	2
68114	1
6812	12
68145	2
6817	1
6820	32
6824	9
6825	3
6830	66
6831	85
6833	1
6836	1
6839	2
6840	41
6850	8
68502	1
6851	10
6852	1
6853	11
6854	12
6870	7
6871	2
6877	12
6878	20
6880	66
6881	1
6883	18
6889	1
6890	11
6896	4
6897	35
6901	2
6902	17
6903	40
6905	12
6906	3
6907	2
69532	1
6980	1
6996	1
70001	1
70005	1
7001	1
7002	19
7003	18
7004	5
70047	1
7005	3
70058	1
7006	32
70072	1
7008	11
7009	14
7010	32
7011	3
70115	1
70116	1
70117	2
70118	2
7012	9
70122	1
70125	1
70126	1
7013	15
70130	3
7014	1
7015	1
7016	7
70161	1
7017	4
7018	2
7019	2
7020	22
7021	3
70210	3
7022	1
7023	9
7024	115
7026	4
7027	1
7028	29
7030	93
7031	7
7032	8
7033	1
7035	2
7036	7
7039	76
7040	33
7041	10
7042	51
70422	1
7043	38
7044	10
7045	17
7046	26
7047	30
7050	9
70506	1
7052	72
7054	13
7055	12
7057	2
7058	10
7059	14
7060	26
7062	2
7063	2
7065	9
7066	9
7067	11
7068	19
7069	17
7070	12
7071	9
7072	8
7073	13
7075	3
7076	21
7077	3
7078	38
7079	42
7080	5
70801	1
7081	7
70816	1
70818	1
7082	2
7083	20
7086	8
7087	26
7088	1
7090	39
7092	1
7093	59
7094	22
7095	7
7099	1
7101	2
7102	23
7103	12
7104	9
7105	9
7106	7
71066	1
7107	3
7109	4
7110	9
7111	2
7112	4
7114	1
7117	1
7124	1
71303	1
7138	1
716	1
7163	1
7201	2
7202	4
7203	4
7204	2
7205	11
7206	1
7208	5
72212	2
724	3
72430	1
72454	1
7263	1
72653	1
7267	1
72758	1
73010	1
7302	75
73034	1
7304	23
7305	63
7306	17
7307	12
73072	3
7309	1
7310	12
7311	1
73110	1
73151	1
73501	1
73938	1
7401	17
74012	1
7403	1
74036	1
7405	9
7407	4
7410	21
74103	1
74105	1
74137	1
7417	22
7419	6
7420	1
7421	2
7422	1
7423	8
7424	9
7426	1
7430	16
7435	1
7436	13
7438	3
7440	3
7442	1
7444	2
7446	4
7450	32
7451	1
7452	11
7456	7
7457	2
7458	30
7461	5
7462	1
7463	4
7465	1
7470	19
7480	1
7481	24
7495	1
75005	1
75006	2
75008	1
7501	2
75012	1
75019	1
7502	1
75023	1
75024	2
7503	2
75032	1
75034	2
7504	4
75040	1
75056	1
7506	7
75071	1
7508	3
75080	1
75088	1
75093	1
75104	2
7512	4
7513	1
7514	7
75189	1
75201	2
75204	1
75214	2
75225	1
75229	1
75230	1
75231	1
75232	1
75240	1
75248	2
75252	1
7531	1
7540	1
75401	2
7546	1
7575	1
7601	33
76016	1
7603	24
7604	9
7605	38
76052	1
7606	1
7607	4
76102	2
76120	3
76180	1
7620	48
7621	22
76210	1
7624	21
7626	35
7627	20
7628	2
7630	10
7631	62
7632	43
7638	1
7640	4
7641	15
7642	7
7643	2
7644	6
7645	11
7646	9
7647	6
7648	21
7649	18
765	1
7650	26
7652	42
7654	1
76543	1
76544	1
7656	3
7657	17
7659	1
7660	8
7661	19
7662	3
7663	2
7666	147
7670	90
76719	2
7675	45
7676	27
7677	5
7679	1
76798	1
7690	1
77002	1
77004	2
77005	2
77006	4
7701	11
77018	2
77019	4
7702	4
77024	1
77027	2
77030	1
7704	1
77056	1
77058	1
77079	2
77096	2
7712	7
77150	2
7716	4
7717	2
7719	5
7721	3
7722	37
7724	9
7725	1
7726	59
7727	5
7728	20
7730	6
7731	3
7732	2
7733	59
7734	1
77346	1
7735	3
77356	1
7737	1
77379	4
7738	7
77381	1
77382	1
7739	4
7740	9
77459	2
7746	36
7747	26
77479	1
7748	24
7750	4
7751	18
77515	1
77523	2
7753	2
7755	2
77550	1
7756	5
7757	4
7758	1
7760	7
7762	1
77627	1
7764	5
77657	1
7801	4
7820	1
78205	1
78213	1
78216	1
7822	1
78223	1
78228	1
78232	1
78233	1
78237	1
78239	4
78240	2
78249	1
7825	7
78254	1
7826	2
7828	1
7830	2
78332	1
7834	10
7836	2
78363	1
78396	1
7840	6
7849	2
78501	11
78503	6
78504	42
7852	3
78521	1
78523	1
78526	2
7853	1
78537	2
78539	17
78546	2
78550	5
78552	1
78559	1
78560	4
7857	1
78572	6
78573	2
78574	2
78577	4
78580	2
78586	4
78596	16
78597	3
7860	1
78613	1
78620	3
78641	1
7866	13
78665	1
7869	9
78701	4
7871	10
78722	2
78731	2
78735	1
7874	1
78745	1
78746	1
78752	1
78759	1
78760	1
7885	1
7901	40
7902	2
79065	1
79103	1
79121	2
7920	27
79209	1
7921	3
7922	6
7924	3
7927	2
7928	11
7929	1
7930	13
7931	11
7932	7
7933	1
7934	2
7935	1
7936	8
7940	12
7945	14
7946	3
7950	7
7952	1
7960	25
7961	1
7970	1
7974	5
7976	5
7977	1
7980	4
7981	3
79912	1
7GUI4	1
80012	2
80014	3
80015	1
8002	1
80027	1
8003	6
8005	3
80111	1
80113	2
80115	1
80122	1
80127	2
80130	2
80132	1
80134	1
80138	1
8016	1
80207	4
80209	4
8021	1
80210	2
80212	1
8022	1
80220	3
80221	1
80230	1
80237	2
80301	3
80303	2
80304	1
80305	4
80306	1
8033	5
8034	1
8036	1
8043	2
80437	2
8050	3
80503	1
8053	12
80537	1
8054	4
8055	1
8057	3
8060	2
8078	1
8079	1
8080	2
8081	4
8087	2
80903	2
80919	1
8094	3
8096	6
81004	1
8110	4
812	1
8124	1
81240	1
81419	1
8143	1
81607	1
81611	1
81632	1
82001	2
8201	1
8205	1
82072	1
8215	5
8224	1
8226	1
8234	1
8244	1
82801	1
83001	1
8361	1
83686	1
83705	1
83844	1
8401	2
84107	1
84109	1
850-8	1
85009	2
85018	6
8502	7
85020	5
85021	1
85022	1
85025	1
85048	1
85051	1
8510	2
8512	2
8514	2
8515	7
8518	3
852	1
8520	7
85205	1
85215	1
85224	1
85239	1
85242	1
85248	1
8525	1
85253	1
85254	1
85259	1
85260	2
85268	1
8527	15
85281	1
85296	1
85304	1
85331	1
8534	4
8535	6
85351	1
8536	2
8537	1
8540	59
8542	8
8544	2
8550	19
8555	1
8557	1
8558	7
8559	3
85702	1
85718	1
85719	2
85750	2
8609	1
8616	1
8618	2
8619	1
8620	3
8628	1
8640	1
8648	10
8680	1
8690	2
8691	2
8701	18
87107	4
87109	1
87110	4
87123	2
8720	2
8723	10
8724	2
8731	2
8732	1
8736	6
8739	2
8742	15
87501	2
87505	3
87508	2
8753	4
8755	1
87571	1
8759	5
8801	2
8802	1
8805	2
8807	23
8809	1
881	1
8811	1
8812	9
8816	45
8817	16
882	1
8820	48
8821	1
8822	4
8823	2
8824	3
8825	1
88252	1
8827	1
8830	1
8831	39
8833	2
8836	3
8837	9
8840	13
8844	17
8846	2
8848	3
8850	1
8852	8
8853	1
8854	20
8857	20
8859	7
8861	4
8863	2
8865	3
8867	1
8869	2
8872	11
8873	41
8875	1
8876	3
8879	2
8882	5
8884	6
8889	4
8901	9
8902	10
8903	1
89031	2
8904	4
89041	1
89052	1
8906	1
89102	4
89104	1
89117	1
89118	1
89119	2
89129	1
89134	2
89135	3
89146	1
89149	1
89178	1
89801	1
89946	1
90004	6
90005	1
90006	5
90007	2
90008	1
90010	5
90012	5
90015	14
90016	1
90017	4
90018	1
90019	4
90020	4
90024	5
90025	14
90026	1
90027	3
90028	2
90029	2
90032	1
90034	1
90035	3
90036	5
90039	7
90040	2
90042	8
90043	1
90045	3
90046	6
90048	5
90049	19
90056	1
90064	9
90065	4
90066	1
90067	5
90068	5
90069	2
90071	7
90077	4
90094	1
901	2
90210	28
90211	1
90212	5
90213	4
90232	4
9024	2
90242	1
90248	1
90254	2
90265	1
90266	3
90272	17
90274	4
90275	3
90277	4
90278	2
90291	2
90292	1
90293	2
90301	1
90302	1
90401	6
90402	12
90403	9
90404	4
90405	9
90503	2
90505	4
90583	1
90620	1
90621	1
90631	1
90640	1
907	2
90703	5
90715	1
90716	1
90720	1
90731	1
90732	1
90802	1
90803	1
90807	2
91007	1
91011	7
91024	3
91030	6
911	1
91101	4
91103	6
91104	5
91105	4
91106	4
91107	1
91108	6
91109	1
91202	4
91208	1
9125	1
91302	5
91311	1
91316	1
91326	2
91342	2
91344	2
91354	3
91355	3
91356	1
91361	3
91362	1
91364	4
91377	1
91384	1
91401	2
91403	1
91423	3
91436	2
91504	1
91505	1
91522	1
91601	2
91602	1
91604	4
91606	1
91607	7
917	2
91711	1
91731	1
91754	3
91770	1
91775	1
91776	1
91789	7
91803	2
91832	1
91913	1
91941	1
92007	3
92011	1
92024	3
92037	5
92040	1
92064	1
92067	1
92075	2
92101	8
92102	3
92103	6
92104	3
92105	1
92107	1
92109	1
92110	1
92115	3
92116	1
92118	4
92123	1
92127	2
92128	1
92129	1
92130	4
92131	1
92138	1
92154	1
92203	2
92211	1
92260	2
92264	1
92270	2
92284	1
92317	1
92336	1
92372	1
92377	1
92397	1
92411	1
92602	1
92620	4
92625	2
92627	2
92637	1
92649	1
92651	1
92653	1
92657	1
92660	3
92663	2
92677	6
92683	1
92691	1
92694	2
92705	1
92706	1
92833	1
92835	1
92869	1
92870	1
92879	1
92881	2
9291	1
93012	2
93013	2
93035	1
93105	2
93108	2
93230	1
93291	1
93312	1
93451	1
93501	2
936	1
93611	1
93625	1
93711	1
93720	1
93730	1
93908	1
93933	1
94002	1
94010	3
94015	3
94017	1
94022	1
94025	3
94030	4
94038	1
94040	1
94043	3
94044	3
94061	3
94062	1
94070	2
94080	1
94085	2
94086	4
94087	3
94089	1
94102	2
94103	12
94104	4
94105	3
94107	24
94108	6
94109	14
94110	31
94111	3
94112	6
94114	18
94115	12
94116	3
94117	20
94118	11
94121	16
94122	4
94123	5
94124	1
94127	5
94129	3
94130	1
94131	7
94132	4
94133	4
94134	2
94153	1
94301	3
94303	8
94305	1
94306	2
94401	2
94402	9
94404	3
94501	10
94513	1
94520	1
94527	1
94530	2
94536	1
94538	1
94539	2
94541	1
94542	1
94543	1
94545	1
94546	1
94553	1
94555	1
94572	1
94577	1
94588	1
94591	1
94598	1
94601	1
94602	3
94605	1
94606	3
94607	1
94608	2
94609	9
94610	3
94611	11
94612	1
94618	1
94619	1
94621	1
94702	3
94703	10
94704	2
94705	8
94706	2
94707	4
94708	6
94709	1
94710	1
94712	1
94804	5
94903	3
94920	4
94930	2
94941	2
94954	1
95003	1
95014	2
95020	1
95030	2
95035	1
95037	1
95060	2
95062	2
95070	1
95076	1
95124	1
95134	1
95138	1
95140	1
95155	2
95207	1
95231	1
95242	1
95380	1
95472	3
95549	1
95570	1
95608	1
95687	2
95747	1
95758	2
95816	1
95818	1
95822	1
95826	1
95831	1
95835	1
95892	1
9608	1
96160	1
96720	1
96734	1
96740	1
96744	1
96761	1
96762	1
96813	12
96814	2
96815	1
96817	1
96821	1
96822	1
96825	1
969	1
97007	1
9701	1
97034	2
97035	1
97148	1
97206	3
97210	2
97211	2
97214	1
97215	1
97219	1
97223	1
97225	1
97227	1
97229	1
97239	1
9724	2
97267	2
97302	2
97405	3
97495	1
9750	1
97520	4
97627	1
97631	1
97647	1
97660	1
9768	1
97701	1
97733	1
979	2
98011	2
98015	1
98029	1
98033	4
98036	1
98042	2
98102	1
98103	3
98109	1
98110	1
98112	4
98115	6
98116	2
98118	2
98119	1
98121	4
98122	1
98125	1
98136	1
98144	3
98155	1
98166	1
98205	1
98226	1
98275	1
98382	1
98391	2
98444	1
98445	1
98499	1
985	1
98502	1
98512	1
98535	3
98757	1
99326	1
99337	1
99708	1
99801	1
?	20
BN112	1
EH41H	1
FINAN	1
G1T1X	1
G3MO	1
G74	1
H2V2K	1
HA5	1
K1N75	1
KILMO	1
L176B	1
M47AL	1
M5M4N	1
M8W45	1
N70PW	1
NONE	1
NY	3
PU7BE	1
T5X	2
V4N3R	1
V5A	1
V6J1L	1
V7Z1J	1
VA	1
