(40.51501, -74.245309)	1
(40.525896, -74.20127)	3
(40.52736, -74.230231)	1
(40.530767, -74.218365)	4
(40.534473, -74.149614)	2
(40.538281, -74.239753)	1
(40.539508, -74.151222)	2
(40.539626, -74.217667)	1
(40.540113, -74.177218)	2
(40.541561, -74.14945)	2
(40.541757, -74.16278)	1
(40.543949, -74.164934)	3
(40.544169, -74.165201)	1
(40.545097, -74.161029)	1
(40.545964, -74.177554)	1
(40.548529, -74.217214)	1
(40.549661, -74.165462)	8
(40.549711, -74.151062)	5
(40.55027, -74.163701)	7
(40.551072, -74.201112)	1
(40.551554, -74.152103)	1
(40.55456, -74.131817)	4
(40.557509, -73.92837)	3
(40.558189, -74.15979)	1
(40.558416, -74.1619)	3
(40.559348, -74.17778)	3
(40.560568, -74.10579)	17
(40.56079, -74.173642)	1
(40.566619, -74.115673)	9
(40.566964, -73.892169)	1
(40.567049, -73.886511)	1
(40.568169, -74.126117)	3
(40.569217, -74.111009)	25
(40.570308, -74.109909)	7
(40.571105, -74.147637)	1
(40.571237, -74.111171)	2
(40.571597, -74.091806)	4
(40.572549, -74.169957)	10
(40.573488, -74.116955)	1
(40.574337, -74.107446)	19
(40.574521, -74.104085)	2
(40.574715, -74.105471)	1
(40.574728, -74.105485)	1
(40.575041, -73.952531)	3
(40.57507, -73.985878)	1
(40.575474, -74.083543)	1
(40.576165, -73.845034)	1
(40.576467, -74.162851)	12
(40.576646, -74.094541)	1
(40.577192, -74.000572)	4
(40.577422, -73.955031)	1
(40.577438, -74.161431)	5
(40.577446, -73.839872)	10
(40.57781, -73.956255)	1
(40.578497, -73.9349)	1
(40.578557, -74.169595)	1
(40.578681, -73.946484)	1
(40.57869, -73.987501)	1
(40.57914, -73.972054)	2
(40.579818, -73.971942)	15
(40.580607, -73.837672)	2
(40.580701, -73.837704)	1
(40.581055, -73.846167)	1
(40.581973, -73.822206)	1
(40.582708, -73.98624)	2
(40.583358, -74.095789)	28
(40.583455, -73.986467)	1
(40.583483, -73.950159)	1
(40.583862, -73.817161)	1
(40.584654, -73.823431)	1
(40.585491, -73.951591)	12
(40.585598, -73.960498)	1
(40.586175, -73.988137)	2
(40.586254, -74.092348)	1
(40.586458, -73.809723)	1
(40.586738, -73.990708)	1
(40.586832, -74.168338)	5
(40.586914, -73.942913)	6
(40.587169, -73.961689)	1
(40.587292, -73.81322)	2
(40.587855, -73.955395)	1
(40.587879, -73.960385)	1
(40.58868, -73.967466)	2
(40.588764, -73.81713)	2
(40.588946, -74.089947)	1
(40.588961, -73.962404)	1
(40.589359, -73.985364)	1
(40.589874, -73.810981)	11
(40.589877, -73.807675)	3
(40.589877, -73.807693)	1
(40.589878, -73.989627)	1
(40.59004, -73.985868)	1
(40.59013, -74.101844)	1
(40.590621, -73.969615)	1
(40.591023, -73.949837)	40
(40.59126, -73.940108)	1
(40.59132, -73.994509)	1
(40.591371, -73.937271)	4
(40.591783, -73.971872)	1
(40.592332, -73.973712)	2
(40.592455, -74.163383)	1
(40.592698, -73.924988)	2
(40.592803, -74.072931)	3
(40.592991, -73.996162)	1
(40.593219, -73.787088)	5
(40.593283, -73.787095)	2
(40.593336, -73.789053)	1
(40.594059, -73.976034)	1
(40.594089, -73.949338)	6
(40.594208, -74.092471)	1
(40.594401, -73.981359)	3
(40.594983, -73.763677)	1
(40.595166, -73.770471)	1
(40.595508, -73.999816)	9
(40.595548, -73.781852)	1
(40.595578, -73.73961)	6
(40.595771, -73.99179)	1
(40.595942, -73.991617)	15
(40.596644, -73.792694)	2
(40.596928, -73.76887)	1
(40.596991, -73.749057)	1
(40.597135, -73.971744)	1
(40.597634, -73.786245)	1
(40.597676, -73.785316)	1
(40.597916, -74.162449)	1
(40.598209, -73.799113)	2
(40.59841, -73.94443)	1
(40.598436, -74.091972)	1
(40.598462, -73.754255)	1
(40.598817, -73.94157)	1
(40.598966, -73.955294)	8
(40.599065, -73.747407)	1
(40.59907, -73.947443)	1
(40.599119, -73.760915)	3
(40.599189, -73.974123)	1
(40.599235, -74.095236)	3
(40.599285, -74.071819)	1
(40.599394, -73.760064)	2
(40.59953, -73.950144)	1
(40.599924, -73.9613)	2
(40.599978, -74.081798)	2
(40.600858, -73.937903)	1
(40.60091, -73.766857)	1
(40.601049, -73.756061)	1
(40.601118, -74.087583)	8
(40.601182, -73.978044)	1
(40.601425, -73.758685)	1
(40.601731, -73.749018)	3
(40.601737, -73.749043)	2
(40.602417, -73.993309)	1
(40.602448, -73.760665)	10
(40.602548, -73.766945)	4
(40.602551, -73.9948)	1
(40.602582, -73.978649)	3
(40.602834, -73.998902)	1
(40.603191, -73.748937)	1
(40.603244, -73.952133)	1
(40.603313, -73.763626)	5
(40.603393, -73.961571)	2
(40.603493, -73.998192)	3
(40.603591, -74.131532)	1
(40.603596, -73.757092)	1
(40.603918, -73.756313)	1
(40.603949, -73.97496)	2
(40.604077, -74.084288)	3
(40.604234, -73.998632)	1
(40.604543, -73.969238)	2
(40.605153, -73.941975)	1
(40.605252, -73.972345)	1
(40.605531, -73.983304)	2
(40.605677, -73.98455)	1
(40.605945, -73.758395)	1
(40.606059, -74.012716)	1
(40.60626, -74.162282)	6
(40.606699, -73.756389)	2
(40.606746, -73.74906)	1
(40.606994, -73.753381)	6
(40.607199, -73.750528)	6
(40.607304, -74.098676)	1
(40.607375, -73.749324)	1
(40.607426, -73.943003)	4
(40.60748, -73.942355)	8
(40.607487, -73.749187)	1
(40.60753, -74.003083)	12
(40.607755, -73.962822)	1
(40.607803, -73.758132)	1
(40.608142, -73.748353)	2
(40.608183, -73.748331)	1
(40.608236, -74.006584)	1
(40.60825, -73.978211)	1
(40.608517, -74.102078)	2
(40.608631, -73.965036)	3
(40.609025, -73.971047)	1
(40.609322, -73.942152)	5
(40.609372, -73.96227)	1
(40.609494, -73.766251)	2
(40.60977, -74.006782)	2
(40.609912, -73.922595)	1
(40.609922, -73.750431)	8
(40.610157, -73.753542)	1
(40.610178, -73.922908)	1
(40.610396, -73.998995)	1
(40.611038, -73.7655)	4
(40.611177, -74.138361)	1
(40.611562, -74.009753)	1
(40.611746, -74.010092)	1
(40.611985, -73.962766)	13
(40.611988, -74.137578)	11
(40.612112, -74.132316)	1
(40.612249, -73.944087)	2
(40.612303, -74.008565)	2
(40.612305, -74.105285)	5
(40.61235, -73.964523)	1
(40.612378, -73.956066)	1
(40.612474, -74.175436)	2
(40.612594, -74.011497)	1
(40.612626, -74.08893)	1
(40.612746, -74.034994)	1
(40.61287, -73.939566)	1
(40.612979, -74.033536)	3
(40.613122, -73.917444)	1
(40.61322, -74.009365)	1
(40.613448, -74.128018)	2
(40.613574, -73.99969)	1
(40.613733, -74.008738)	1
(40.614291, -74.122581)	11
(40.61431, -74.173997)	2
(40.614344, -73.821173)	1
(40.614442, -74.033537)	1
(40.614656, -73.939331)	1
(40.61485, -74.128719)	1
(40.615321, -73.91841)	1
(40.615335, -73.982308)	2
(40.615504, -74.034322)	1
(40.615851, -73.951594)	1
(40.615884, -73.951576)	1
(40.616039, -74.000353)	3
(40.616121, -74.138534)	9
(40.616171, -73.993156)	1
(40.616575, -73.976656)	1
(40.616732, -74.032605)	9
(40.616809, -74.154193)	2
(40.617109, -74.029965)	38
(40.617127, -73.959856)	1
(40.617141, -73.926675)	2
(40.617453, -73.993563)	2
(40.617589, -74.029554)	2
(40.617951, -73.9605)	3
(40.618123, -74.122955)	3
(40.618128, -74.011462)	3
(40.618182, -74.123575)	3
(40.618233, -73.957932)	1
(40.618241, -73.957863)	1
(40.618873, -74.039788)	1
(40.619035, -74.068717)	1
(40.619037, -73.957308)	1
(40.619168, -73.916475)	1
(40.619325, -73.920959)	1
(40.619357, -73.932745)	2
(40.619626, -74.027833)	1
(40.620233, -74.027286)	2
(40.620251, -74.032362)	4
(40.62036, -73.938753)	10
(40.620373, -74.03716)	1
(40.620403, -73.948568)	1
(40.620739, -74.032164)	5
(40.62123, -73.939865)	12
(40.621308, -74.031934)	3
(40.621372, -74.026303)	1
(40.621515, -74.071799)	1
(40.621563, -73.935762)	2
(40.621603, -73.949612)	2
(40.621755, -74.030435)	1
(40.621761, -73.927188)	1
(40.621837, -74.031714)	1
(40.621912, -74.031707)	2
(40.622321, -73.927249)	1
(40.622518, -74.031437)	2
(40.622568, -74.031415)	14
(40.622648, -73.962299)	2
(40.622971, -74.040583)	1
(40.623582, -74.079057)	1
(40.624104, -73.94536)	4
(40.624114, -74.014211)	1
(40.624344, -74.165424)	5
(40.624398, -73.946227)	1
(40.624656, -74.162413)	5
(40.624715, -74.013585)	2
(40.624752, -73.917801)	1
(40.624774, -73.939163)	3
(40.624842, -73.939235)	22
(40.624884, -73.946526)	3
(40.624908, -73.956249)	1
(40.624916, -73.963893)	1
(40.624998, -73.962989)	1
(40.625094, -73.962124)	1
(40.625292, -74.002252)	4
(40.625509, -74.118077)	7
(40.625527, -74.092492)	2
(40.62557, -73.944692)	1
(40.625734, -74.025567)	2
(40.625821, -74.155067)	1
(40.626091, -74.035009)	1
(40.626185, -74.105098)	1
(40.626336, -74.174961)	1
(40.626396, -74.130316)	1
(40.626555, -74.002486)	1
(40.62669, -74.031244)	1
(40.6268, -73.940238)	1
(40.626908, -73.936452)	2
(40.627039, -74.078084)	1
(40.627101, -74.023604)	12
(40.627252, -74.007364)	1
(40.62739, -74.143561)	3
(40.627509, -74.008981)	8
(40.627523, -74.076161)	5
(40.627568, -74.02413)	4
(40.627583, -74.013773)	1
(40.627644, -74.028438)	1
(40.62765, -74.024267)	1
(40.627657, -73.942266)	2
(40.62777, -73.920103)	1
(40.628226, -73.97524)	1
(40.628466, -74.119595)	5
(40.628494, -73.971295)	1
(40.628571, -74.012328)	1
(40.628627, -74.112606)	1
(40.628717, -74.121195)	1
(40.628871, -73.949945)	1
(40.628901, -73.943335)	1
(40.628945, -73.943572)	1
(40.628972, -74.014144)	3
(40.628983, -74.115763)	1
(40.629116, -73.975124)	3
(40.629116, -74.114664)	1
(40.629127, -74.023702)	1
(40.629172, -74.028717)	1
(40.629215, -73.890938)	8
(40.62922, -74.123185)	1
(40.629237, -74.022754)	1
(40.629364, -73.979962)	3
(40.629483, -74.112338)	4
(40.629527, -74.010898)	1
(40.629609, -73.994182)	1
(40.629775, -74.117267)	9
(40.629781, -74.110742)	1
(40.629889, -74.006344)	1
(40.629963, -74.109669)	1
(40.630155, -74.013085)	2
(40.630239, -74.108153)	1
(40.630333, -73.986231)	2
(40.630344, -73.986249)	1
(40.630371, -73.918431)	2
(40.630425, -74.024174)	2
(40.630505, -74.022701)	3
(40.630553, -74.028173)	1
(40.630559, -74.028148)	1
(40.630566, -73.941615)	1
(40.630629, -74.105267)	1
(40.630712, -73.898912)	1
(40.630831, -74.103394)	7
(40.630877, -73.985665)	2
(40.63089, -73.979205)	24
(40.631016, -74.101896)	1
(40.631166, -73.976301)	1
(40.631287, -73.945555)	2
(40.631476, -73.934023)	6
(40.631576, -73.946326)	28
(40.631962, -73.887629)	1
(40.631984, -74.002439)	2
(40.632071, -73.948718)	1
(40.632208, -74.110681)	2
(40.632294, -74.10603)	2
(40.632448, -73.893512)	14
(40.63248, -74.133495)	3
(40.632609, -73.948026)	2
(40.63262, -73.947439)	2
(40.63277, -73.907689)	1
(40.632887, -73.938053)	61
(40.632995, -73.926128)	1
(40.633086, -74.031474)	2
(40.633096, -73.945766)	1
(40.633101, -73.963093)	1
(40.633105, -73.888903)	2
(40.633116, -74.031532)	12
(40.633144, -73.983333)	1
(40.633204, -73.94804)	19
(40.633229, -73.969974)	1
(40.633313, -73.921126)	1
(40.633332, -73.920835)	1
(40.633359, -73.920647)	1
(40.63344, -73.947744)	1
(40.633781, -73.948605)	2
(40.633821, -73.95304)	1
(40.633847, -74.014804)	1
(40.633932, -73.988773)	2
(40.633959, -73.984288)	1
(40.634039, -74.09864)	1
(40.634066, -73.946573)	1
(40.634123, -74.12257)	1
(40.634155, -73.924591)	1
(40.634234, -73.964065)	1
(40.634255, -73.922685)	1
(40.63427, -73.890205)	35
(40.634295, -74.026625)	2
(40.634304, -73.925604)	1
(40.634355, -73.924613)	1
(40.634395, -73.922703)	1
(40.634463, -74.02357)	1
(40.634557, -74.101887)	1
(40.634559, -73.938887)	1
(40.634615, -73.922725)	8
(40.634692, -73.947859)	4
(40.634697, -73.967458)	1
(40.634908, -73.951148)	1
(40.634927, -74.134422)	1
(40.635083, -73.884753)	1
(40.635094, -73.950085)	3
(40.635116, -74.023329)	1
(40.635168, -73.993843)	1
(40.635174, -74.020321)	2
(40.635349, -73.944994)	1
(40.635401, -73.992726)	3
(40.635427, -73.982194)	1
(40.635469, -74.037536)	2
(40.635478, -74.106684)	3
(40.635648, -73.913046)	5
(40.635917, -74.010272)	6
(40.635951, -73.978137)	10
(40.636004, -73.937402)	1
(40.636045, -73.915214)	6
(40.636094, -73.941231)	1
(40.636263, -74.025819)	1
(40.636271, -73.923876)	1
(40.636274, -73.994387)	1
(40.636364, -73.937463)	1
(40.636403, -74.036772)	1
(40.636419, -73.994768)	1
(40.636507, -73.943998)	1
(40.636532, -73.990567)	2
(40.636548, -74.008482)	1
(40.636707, -73.972855)	4
(40.636734, -73.918406)	2
(40.636761, -73.940208)	2
(40.636764, -73.948059)	1
(40.636881, -73.958493)	9
(40.636935, -73.954609)	2
(40.636935, -73.95463)	2
(40.637108, -74.035404)	1
(40.637127, -73.949092)	2
(40.63713, -73.91642)	5
(40.637207, -73.972927)	1
(40.637266, -73.922033)	50
(40.637289, -73.956414)	6
(40.637295, -73.94911)	1
(40.637486, -74.13148)	1
(40.637601, -73.90049)	2
(40.637814, -74.103675)	5
(40.637864, -73.958453)	1
(40.638041, -74.028036)	6
(40.638078, -73.930885)	1
(40.638085, -73.886729)	1
(40.638163, -74.14348)	2
(40.638215, -73.945323)	1
(40.638282, -74.012625)	1
(40.638321, -73.895827)	1
(40.638579, -74.090637)	1
(40.639268, -73.937517)	2
(40.639383, -73.961179)	2
(40.639419, -73.955194)	1
(40.639442, -73.934714)	1
(40.639501, -73.919044)	2
(40.63972, -73.96026)	1
(40.639757, -73.943588)	1
(40.639773, -73.942601)	3
(40.639876, -73.945502)	1
(40.639897, -73.93782)	2
(40.63997, -74.131841)	1
(40.640053, -74.008414)	1
(40.640063, -73.952301)	1
(40.640327, -74.011714)	1
(40.640334, -74.132509)	3
(40.640525, -74.015101)	1
(40.640543, -74.13448)	1
(40.64057, -73.958145)	1
(40.640708, -74.077697)	1
(40.640763, -73.969203)	2
(40.640831, -73.958191)	1
(40.640944, -74.131894)	3
(40.640969, -73.954332)	2
(40.641193, -73.944394)	4
(40.641326, -73.942538)	2
(40.641411, -73.954357)	3
(40.641522, -73.893029)	1
(40.641595, -73.905212)	2
(40.641623, -73.937825)	1
(40.641664, -73.936805)	1
(40.641735, -73.935962)	2
(40.641894, -74.077223)	1
(40.64196, -73.931995)	1
(40.641961, -74.009992)	2
(40.642135, -73.888682)	2
(40.642137, -73.929159)	1
(40.642175, -73.973869)	1
(40.642177, -73.953463)	1
(40.64221, -73.953488)	6
(40.642286, -73.935183)	1
(40.642391, -73.904346)	4
(40.642962, -73.895891)	11
(40.643108, -74.006991)	3
(40.643312, -73.958676)	2
(40.643406, -73.930512)	4
(40.643466, -73.929507)	1
(40.643484, -73.948796)	1
(40.643585, -73.927568)	1
(40.643612, -73.92657)	4
(40.643624, -73.927572)	6
(40.643779, -74.021736)	1
(40.643805, -73.927593)	1
(40.64382, -73.900405)	2
(40.643889, -73.922732)	1
(40.644212, -73.933318)	1
(40.64445, -74.010987)	1
(40.644675, -74.077002)	1
(40.645077, -74.078934)	1
(40.645197, -73.962257)	1
(40.645232, -74.104674)	2
(40.645256, -73.898187)	1
(40.645479, -74.009917)	1
(40.645609, -73.890378)	1
(40.645655, -73.94901)	1
(40.645658, -73.881513)	1
(40.645776, -74.013315)	9
(40.645814, -73.962376)	1
(40.646125, -74.004468)	1
(40.646172, -73.896798)	1
(40.646185, -73.962469)	1
(40.646235, -73.929781)	3
(40.646253, -73.984007)	7
(40.646331, -74.007794)	2
(40.646472, -73.880214)	1
(40.646666, -73.958101)	13
(40.646776, -73.907006)	2
(40.646825, -73.950919)	1
(40.646991, -74.089326)	6
(40.647169, -73.930912)	2
(40.64747, -73.965622)	2
(40.647642, -73.924104)	1
(40.64773, -73.915326)	1
(40.647802, -74.007503)	3
(40.647957, -73.897721)	1
(40.648176, -73.897653)	3
(40.648244, -73.788242)	2
(40.648337, -74.012667)	1
(40.648529, -73.955747)	2
(40.648574, -73.957531)	1
(40.648606, -73.905256)	1
(40.648629, -73.896946)	3
(40.648755, -73.977661)	1
(40.648962, -73.904736)	1
(40.649055, -73.967794)	1
(40.649114, -73.885157)	1
(40.649189, -73.846075)	9
(40.649256, -73.960842)	1
(40.649274, -73.872569)	3
(40.649359, -73.968489)	1
(40.649421, -74.005838)	2
(40.649665, -73.923878)	1
(40.649834, -73.952888)	4
(40.649871, -73.923828)	2
(40.649911, -73.946553)	2
(40.650006, -73.964175)	1
(40.650014, -73.88415)	1
(40.650267, -73.890972)	2
(40.650302, -74.008577)	2
(40.65044, -73.957829)	2
(40.650465, -73.930256)	1
(40.65073, -73.942793)	2
(40.650731, -73.869644)	9
(40.651135, -73.729862)	4
(40.651161, -73.961212)	1
(40.651283, -73.939766)	2
(40.651283, -73.93978)	1
(40.651305, -73.957302)	1
(40.651388, -73.883355)	1
(40.651421, -73.728902)	2
(40.651606, -73.933095)	6
(40.651607, -73.838011)	3
(40.651609, -73.933052)	1
(40.651736, -73.885509)	1
(40.652025, -73.838089)	7
(40.652089, -73.933357)	1
(40.652206, -73.922935)	1
(40.652373, -73.867446)	1
(40.652398, -73.883739)	2
(40.652412, -73.953946)	2
(40.652516, -73.930477)	1
(40.652535, -73.95165)	3
(40.652595, -73.950832)	5
(40.652639, -73.929454)	1
(40.652718, -73.88216)	1
(40.652849, -73.729228)	1
(40.653006, -73.736395)	1
(40.653071, -73.942298)	7
(40.653071, -73.952713)	1
(40.653175, -73.828453)	1
(40.65334, -73.952745)	1
(40.653354, -73.838421)	1
(40.653545, -73.93492)	17
(40.653585, -73.965175)	1
(40.653626, -74.003269)	5
(40.653666, -73.828355)	1
(40.653724, -73.838518)	2
(40.654058, -73.921387)	1
(40.654229, -73.72747)	7
(40.654244, -73.727993)	1
(40.654281, -73.877785)	1
(40.654298, -73.84447)	1
(40.654347, -73.846369)	2
(40.654444, -73.908916)	2
(40.654456, -73.843533)	1
(40.654633, -73.962497)	2
(40.65476, -74.007233)	2
(40.65485, -73.889865)	6
(40.655071, -73.88519)	2
(40.655361, -73.88235)	2
(40.655528, -73.973835)	1
(40.655992, -73.887192)	1
(40.656173, -73.937721)	2
(40.656177, -73.882575)	1
(40.656529, -73.895027)	3
(40.656665, -73.843153)	75
(40.657203, -73.839378)	5
(40.657241, -73.887471)	2
(40.657451, -73.875376)	1
(40.657577, -73.833679)	5
(40.657739, -73.952079)	4
(40.657787, -73.887525)	2
(40.6579, -73.890098)	1
(40.658001, -73.928111)	1
(40.658172, -73.906251)	1
(40.65823, -73.957726)	1
(40.658252, -73.877753)	1
(40.658307, -73.950388)	1
(40.65845, -73.904261)	3
(40.65852, -73.927656)	2
(40.658932, -73.884863)	2
(40.658992, -73.831185)	1
(40.659003, -73.831167)	12
(40.659131, -73.927252)	1
(40.659299, -73.984776)	46
(40.659313, -73.983986)	1
(40.659329, -73.981261)	1
(40.659556, -73.891385)	1
(40.65959, -73.962656)	2
(40.659592, -73.891389)	2
(40.659763, -73.962681)	2
(40.659797, -73.831385)	1
(40.659801, -73.83061)	1
(40.65987, -73.943016)	2
(40.65999, -73.952495)	1
(40.660001, -73.952304)	2
(40.660081, -73.898608)	3
(40.660137, -73.772662)	1
(40.660139, -73.833089)	1
(40.660142, -73.833197)	2
(40.660207, -73.842099)	1
(40.660215, -73.891878)	1
(40.660254, -73.983806)	4
(40.660318, -73.889766)	2
(40.660494, -73.950599)	1
(40.660605, -73.883508)	2
(40.660725, -73.887949)	2
(40.660733, -73.887931)	1
(40.660805, -73.849973)	1
(40.660841, -73.883684)	1
(40.661074, -73.939829)	1
(40.66109, -73.921472)	1
(40.661148, -73.835515)	1
(40.661207, -73.88722)	1
(40.661387, -73.907624)	1
(40.661435, -73.855097)	1
(40.661698, -73.84051)	1
(40.661871, -73.884476)	6
(40.661919, -73.890956)	1
(40.661964, -73.961606)	1
(40.661971, -73.891021)	1
(40.662054, -73.837665)	7
(40.662285, -73.892109)	1
(40.662338, -73.881876)	2
(40.662376, -73.836792)	2
(40.662535, -73.881454)	2
(40.662649, -73.958697)	3
(40.66267, -73.908202)	1
(40.66273, -73.987233)	1
(40.662923, -73.906486)	2
(40.662927, -73.941666)	3
(40.662978, -73.920688)	1
(40.663008, -73.90592)	1
(40.663093, -73.938699)	1
(40.663193, -73.926552)	2
(40.663196, -73.979141)	1
(40.66321, -73.981351)	1
(40.663251, -73.981289)	1
(40.663262, -73.95382)	1
(40.663356, -73.842899)	1
(40.663626, -73.939971)	2
(40.663633, -73.833008)	10
(40.663763, -73.994604)	1
(40.663896, -73.910677)	1
(40.663927, -73.919028)	1
(40.66395, -73.731745)	1
(40.663991, -73.860488)	15
(40.664109, -73.943878)	1
(40.664116, -73.919079)	1
(40.664173, -73.939891)	1
(40.664249, -73.930033)	2
(40.664292, -73.907984)	4
(40.664294, -73.919107)	4
(40.664314, -73.942681)	1
(40.66433, -73.937094)	1
(40.664361, -73.942677)	1
(40.664435, -73.997185)	2
(40.664454, -73.942648)	1
(40.66452, -73.887034)	1
(40.664528, -73.96119)	8
(40.664622, -73.905867)	3
(40.664696, -73.841249)	5
(40.664701, -73.986735)	8
(40.66481, -73.979018)	2
(40.665011, -73.942594)	1
(40.665012, -73.943592)	2
(40.665186, -73.946836)	1
(40.665207, -73.89417)	1
(40.665215, -73.887476)	1
(40.665221, -73.978149)	3
(40.665231, -73.998209)	1
(40.665387, -73.942583)	4
(40.6654, -73.934753)	1
(40.665408, -73.934923)	5
(40.665452, -73.935662)	1
(40.665459, -73.942554)	3
(40.665484, -73.905801)	1
(40.665615, -73.942561)	1
(40.66564, -73.866403)	1
(40.665695, -73.942554)	3
(40.665903, -73.94251)	2
(40.665909, -73.851216)	1
(40.666043, -73.898242)	2
(40.666125, -73.947654)	2
(40.666156, -73.942506)	2
(40.666174, -73.953645)	37
(40.666216, -73.942481)	2
(40.666219, -73.942503)	1
(40.666277, -73.896392)	4
(40.666336, -73.983934)	20
(40.666378, -73.942466)	1
(40.66638, -73.849957)	1
(40.666512, -73.868759)	1
(40.666555, -73.939089)	1
(40.666597, -73.981836)	1
(40.666611, -73.9818)	1
(40.666636, -73.886901)	2
(40.666691, -73.941918)	1
(40.666709, -73.888775)	1
(40.666763, -73.942971)	1
(40.666813, -73.944171)	1
(40.666889, -73.973769)	1
(40.666892, -73.823991)	1
(40.666978, -73.930434)	1
(40.667069, -73.983696)	2
(40.667093, -73.860276)	8
(40.667093, -73.867272)	4
(40.667142, -73.872139)	1
(40.667174, -73.866695)	1
(40.667198, -73.981335)	2
(40.66721, -73.823616)	3
(40.667227, -73.956326)	2
(40.667253, -73.935783)	1
(40.667253, -73.981292)	2
(40.667329, -73.865549)	14
(40.667384, -73.735415)	1
(40.667396, -73.843996)	1
(40.6674, -73.865062)	1
(40.667474, -73.87239)	9
(40.667528, -73.889898)	2
(40.667705, -73.863018)	1
(40.667781, -73.913166)	1
(40.667788, -73.799719)	1
(40.66779, -73.860483)	3
(40.667861, -73.890961)	2
(40.667923, -73.873092)	1
(40.66804, -73.935281)	1
(40.668057, -73.903963)	3
(40.668072, -73.989254)	10
(40.668125, -73.951488)	2
(40.668285, -73.894958)	1
(40.668289, -73.79599)	2
(40.66834, -73.942285)	1
(40.668349, -73.98805)	1
(40.668357, -73.990397)	1
(40.668475, -73.896017)	1
(40.668544, -73.898883)	3
(40.668559, -73.958722)	1
(40.668571, -73.942263)	1
(40.668601, -73.873235)	1
(40.668644, -73.837898)	2
(40.668655, -73.945842)	4
(40.668694, -73.873329)	1
(40.668879, -73.932432)	2
(40.668884, -73.852907)	3
(40.668951, -73.945027)	2
(40.66896, -73.984078)	1
(40.669026, -73.935413)	3
(40.669059, -73.759601)	1
(40.669133, -73.746875)	5
(40.669172, -73.973043)	1
(40.669188, -73.98105)	1
(40.669218, -73.979629)	2
(40.669263, -73.864085)	1
(40.669271, -73.986237)	7
(40.669302, -73.766997)	4
(40.66932, -73.868497)	2
(40.669323, -73.863681)	2
(40.669441, -73.943037)	1
(40.669461, -73.974658)	1
(40.669503, -73.87049)	3
(40.669514, -73.752991)	3
(40.669525, -73.944547)	2
(40.669536, -73.76488)	2
(40.669638, -73.979305)	1
(40.669738, -73.853122)	2
(40.669745, -73.870558)	1
(40.669989, -73.935729)	1
(40.670017, -73.953573)	1
(40.670035, -73.880046)	1
(40.670048, -73.954092)	2
(40.670067, -73.954132)	1
(40.670077, -73.92157)	6
(40.670078, -73.792498)	2
(40.670083, -73.870619)	3
(40.670229, -73.874061)	2
(40.670231, -73.870651)	3
(40.670263, -73.820954)	1
(40.670383, -73.792779)	1
(40.670561, -73.987412)	19
(40.671035, -73.768912)	1
(40.671062, -73.903349)	1
(40.671144, -73.799301)	1
(40.671193, -73.838785)	2
(40.671303, -73.956579)	1
(40.671304, -73.745523)	5
(40.671372, -73.888115)	1
(40.671547, -73.98942)	1
(40.671594, -73.956716)	2
(40.671758, -73.817036)	2
(40.671855, -73.870067)	3
(40.671929, -73.843117)	3
(40.671932, -73.979729)	8
(40.671958, -73.983969)	1
(40.671962, -73.807478)	1
(40.672014, -73.978154)	1
(40.672041, -73.77799)	1
(40.672051, -73.98389)	3
(40.672058, -73.756425)	1
(40.672066, -73.777982)	1
(40.672086, -73.799691)	1
(40.672188, -73.821353)	3
(40.672383, -73.961672)	1
(40.672396, -73.765728)	2
(40.672455, -73.840935)	2
(40.672464, -73.839298)	1
(40.672474, -73.89201)	1
(40.672537, -73.907612)	1
(40.672555, -73.812495)	26
(40.67257, -73.823183)	1
(40.672681, -73.872499)	5
(40.672717, -73.87225)	2
(40.673021, -73.976485)	1
(40.673116, -73.773505)	1
(40.673369, -73.765299)	2
(40.673389, -73.736354)	1
(40.673556, -73.950143)	1
(40.673622, -73.779433)	2
(40.673665, -73.985973)	17
(40.673685, -73.851188)	3
(40.673716, -73.847363)	1
(40.673752, -73.883276)	1
(40.673759, -73.843022)	2
(40.673831, -73.924669)	1
(40.673868, -73.850283)	5
(40.673898, -73.980298)	2
(40.67394, -73.796794)	1
(40.67397, -73.955734)	1
(40.67409, -73.798297)	3
(40.674124, -73.798849)	1
(40.674125, -73.976675)	1
(40.674168, -73.963073)	7
(40.674202, -73.965802)	1
(40.674266, -73.804519)	1
(40.674325, -73.805388)	1
(40.674374, -73.8791)	11
(40.674455, -73.802597)	2
(40.674484, -73.763042)	1
(40.674492, -73.950055)	2
(40.674494, -73.878174)	3
(40.674678, -73.763672)	3
(40.674808, -73.75905)	2
(40.674815, -73.888988)	1
(40.674891, -73.980698)	5
(40.674937, -73.762802)	1
(40.674958, -73.868929)	1
(40.674961, -73.879114)	1
(40.675023, -73.946814)	1
(40.675197, -73.883757)	1
(40.675294, -73.999293)	1
(40.675315, -73.963293)	1
(40.675652, -73.911004)	1
(40.675755, -73.851367)	6
(40.675801, -73.987414)	6
(40.675819, -73.978964)	1
(40.675831, -73.836777)	6
(40.67591, -73.91799)	4
(40.676081, -73.795706)	1
(40.676082, -73.818848)	3
(40.676158, -73.89293)	5
(40.67631, -73.897007)	6
(40.676389, -73.768472)	1
(40.676543, -73.874731)	3
(40.676678, -73.980294)	1
(40.676681, -73.777048)	4
(40.676686, -73.946236)	1
(40.676712, -74.01485)	5
(40.676795, -73.771088)	1
(40.676862, -73.806076)	3
(40.676903, -73.788508)	1
(40.676904, -73.840199)	1
(40.676912, -73.936343)	1
(40.676953, -73.781513)	3
(40.676994, -73.888466)	1
(40.676995, -74.011014)	2
(40.677333, -73.876622)	1
(40.677502, -74.017384)	3
(40.677619, -73.976472)	14
(40.677633, -73.765879)	1
(40.677726, -73.849589)	1
(40.677867, -73.844076)	3
(40.67793, -73.97017)	1
(40.678038, -73.974089)	49
(40.678063, -73.773885)	1
(40.678069, -73.73525)	1
(40.678074, -73.735247)	1
(40.678094, -73.978325)	2
(40.678163, -73.968667)	3
(40.678211, -73.890529)	5
(40.678212, -73.97923)	1
(40.678273, -73.952908)	1
(40.678365, -73.741277)	1
(40.678409, -73.869164)	1
(40.678522, -73.792887)	1
(40.678539, -73.951055)	1
(40.678557, -73.779147)	1
(40.678623, -73.833129)	1
(40.678884, -73.791559)	1
(40.678918, -73.7595)	1
(40.678975, -73.906208)	12
(40.679049, -73.921512)	1
(40.679125, -73.797193)	2
(40.679144, -73.962991)	2
(40.679155, -73.962962)	1
(40.67916, -73.838132)	3
(40.679298, -73.963655)	2
(40.679367, -73.944766)	1
(40.679485, -73.839274)	1
(40.679529, -73.800743)	2
(40.679553, -73.844408)	1
(40.679574, -73.777413)	2
(40.679638, -73.844429)	2
(40.679641, -73.864388)	1
(40.679652, -73.987035)	2
(40.679838, -73.914827)	1
(40.679947, -73.978058)	4
(40.680202, -73.845636)	1
(40.680429, -73.950127)	54
(40.680522, -73.827045)	5
(40.680706, -73.962507)	2
(40.680718, -73.791485)	4
(40.680879, -73.874355)	2
(40.681005, -73.971892)	1
(40.681246, -73.915647)	1
(40.681264, -73.951258)	21
(40.681299, -73.99868)	4
(40.681324, -73.97712)	1
(40.681415, -73.781333)	1
(40.681437, -73.951294)	1
(40.68152, -73.741554)	4
(40.681561, -73.945385)	1
(40.68169, -73.883194)	1
(40.681707, -73.93124)	1
(40.681726, -73.930941)	1
(40.68173, -73.753429)	1
(40.681853, -73.775015)	2
(40.681928, -73.976737)	1
(40.682036, -73.921628)	1
(40.682153, -73.893072)	1
(40.682263, -73.939294)	1
(40.68229, -73.995922)	1
(40.682295, -73.787741)	9
(40.68235, -73.828908)	4
(40.682466, -73.924497)	1
(40.682602, -73.93633)	1
(40.682717, -73.748028)	4
(40.68278, -73.921886)	1
(40.682877, -73.905128)	6
(40.682889, -73.929036)	4
(40.683032, -73.853972)	1
(40.683358, -73.992738)	1
(40.683457, -73.975616)	5
(40.683482, -73.922156)	1
(40.683502, -73.809637)	1
(40.683555, -73.792204)	1
(40.683599, -73.988617)	2
(40.683643000000004, -74.000303)	1
(40.683771, -73.981767)	53
(40.683834, -73.809582)	1
(40.683866, -73.765554)	1
(40.683872, -73.951357)	1
(40.683913, -73.929248)	3
(40.684062, -73.778692)	1
(40.684085, -73.846679)	2
(40.68429, -73.961979)	1
(40.684355, -73.872412)	1
(40.684398, -73.933906)	1
(40.684439, -73.933408)	1
(40.68455, -73.945479)	1
(40.684656, -73.989071)	1
(40.684872, -73.969193)	2
(40.684959, -73.979736)	2
(40.684979, -73.86878)	3
(40.684997, -73.867446)	1
(40.68509, -73.762954)	1
(40.685311, -73.803275)	1
(40.685478, -73.970325)	5
(40.685486, -73.917885)	2
(40.685492, -73.729982)	1
(40.685523, -73.932581)	1
(40.685574, -73.772835)	1
(40.685665, -73.828427)	1
(40.68588, -73.757319)	1
(40.685906, -73.9402)	1
(40.685948, -73.795175)	2
(40.686092, -73.950725)	1
(40.686249, -73.913521)	1
(40.686313, -73.873032)	1
(40.686457, -73.974771)	1
(40.686716, -73.917959)	1
(40.686887, -73.767858)	4
(40.686918, -73.973563)	2
(40.687007, -73.86548)	5
(40.687571, -73.992633)	1
(40.687628, -73.989868)	1
(40.687655, -73.986669)	1
(40.687668, -73.965698)	4
(40.687674, -73.802969)	1
(40.687692, -73.757781)	1
(40.687903, -73.993217)	4
(40.687907, -73.799611)	11
(40.687974, -73.994447)	1
(40.688127, -73.980417)	6
(40.688195, -73.782944)	1
(40.688309, -73.9884)	6
(40.688493, -73.924328)	3
(40.688506, -73.795492)	1
(40.688516, -73.807229)	1
(40.688516, -73.921126)	1
(40.688529, -73.973897)	1
(40.68854, -73.976869)	2
(40.688765, -73.928529)	7
(40.688811, -73.936198)	1
(40.688901, -73.959903)	1
(40.68913, -73.795973)	2
(40.68935, -73.965088)	2
(40.689408, -73.839394)	2
(40.689413, -73.849177)	1
(40.689453, -73.757035)	1
(40.689456, -73.984531)	2
(40.689465, -73.763043)	1
(40.689712, -73.783924)	1
(40.689861, -73.906647)	5
(40.689898, -73.834785)	2
(40.690018, -73.919036)	1
(40.69006, -73.923609)	1
(40.690148, -73.804851)	2
(40.690207, -73.981624)	1
(40.690501, -73.746783)	1
(40.690694, -73.970359)	1
(40.690789, -73.746588)	2
(40.690806, -73.762266)	1
(40.690828, -73.763907)	1
(40.691052, -73.779762)	6
(40.691314, -73.778957)	4
(40.691365, -73.750137)	1
(40.691369, -73.923405)	1
(40.691549, -73.841653)	1
(40.691688, -73.811604)	2
(40.691725, -73.762198)	1
(40.691769, -73.761953)	2
(40.691852, -73.801579)	1
(40.691874, -73.986297)	12
(40.691954, -73.745721)	1
(40.692028, -73.765057)	2
(40.692242, -73.98762)	1
(40.6923, -73.76005)	1
(40.692478, -73.859393)	1
(40.692545, -73.759181)	2
(40.692568, -73.76244)	1
(40.692689, -73.971757)	1
(40.692756, -73.810072)	2
(40.692783, -73.794043)	8
(40.692876, -73.907944)	1
(40.692915, -73.785183)	1
(40.692963, -73.906953)	1
(40.692989, -73.741242)	1
(40.692991, -73.987249)	1
(40.693046, -73.730103)	1
(40.693094, -73.741209)	1
(40.6931, -73.860553)	1
(40.693244, -73.99066)	10
(40.693376, -73.991886)	1
(40.6934, -73.988915)	9
(40.693416, -73.907655)	7
(40.693445, -73.990577)	6
(40.693519, -73.997202)	6
(40.693566, -73.773774)	1
(40.69376, -73.754755)	7
(40.693798, -73.754611)	1
(40.693851, -73.748469)	3
(40.693903, -73.991129)	10
(40.693912, -73.754138)	1
(40.693914, -73.991107)	3
(40.693964, -73.994079)	5
(40.693986, -73.996152)	2
(40.693999, -73.999196)	1
(40.694006, -73.980253)	4
(40.694007, -73.991504)	1
(40.694122, -73.988904)	1
(40.694199, -73.992124)	13
(40.694238, -73.933034)	1
(40.694241, -73.803552)	1
(40.694342, -73.758622)	1
(40.694529, -73.849064)	1
(40.694605, -73.7935)	2
(40.694629, -73.841498)	1
(40.694651, -73.907643)	1
(40.694673, -73.848317)	1
(40.694874, -73.780506)	1
(40.694879, -73.931522)	1
(40.69496, -73.994872)	1
(40.694963, -73.939777)	1
(40.69502, -73.995965)	3
(40.695159, -73.796852)	1
(40.69522, -73.758612)	3
(40.69525, -73.891937)	10
(40.695277, -73.749268)	2
(40.695383, -73.976232)	1
(40.695464, -73.919697)	1
(40.695507, -73.756627)	1
(40.695687, -73.845008)	1
(40.695759, -73.794344)	3
(40.695788, -73.90767)	3
(40.695805, -73.990047)	1
(40.69582, -73.907641)	5
(40.695839, -73.78103)	3
(40.69588, -73.758912)	1
(40.695903, -73.747005)	3
(40.696, -73.782111)	4
(40.696116, -73.929152)	1
(40.696119, -73.794581)	1
(40.696202, -73.78889)	7
(40.696235, -73.788912)	1
(40.696716, -73.761455)	1
(40.696829, -73.811492)	1
(40.696914, -73.743366)	1
(40.696922, -73.756291)	1
(40.696931, -73.7942)	3
(40.696979, -73.915115)	1
(40.697068, -73.989996)	2
(40.697098, -73.803381)	4
(40.697184, -73.925068)	1
(40.697278, -73.922638)	1
(40.697309, -73.889816)	1
(40.697365, -73.921379)	1
(40.697375, -73.777858)	1
(40.697483, -73.83944)	1
(40.697532, -73.994785)	2
(40.697576, -73.795648)	1
(40.697685, -73.773245)	1
(40.697766, -73.752667)	2
(40.697819, -73.745728)	3
(40.697983, -73.794972)	1
(40.697991, -73.794954)	1
(40.698101, -73.76202)	1
(40.698233, -73.848086)	1
(40.698252, -73.796165)	1
(40.698274, -73.833848)	3
(40.698279, -73.752654)	1
(40.698456, -73.762491)	1
(40.698742, -73.82376)	5
(40.698752, -73.837857)	1
(40.698766, -73.814837)	5
(40.698861, -73.754166)	1
(40.698955, -73.911622)	1
(40.699033, -73.779079)	1
(40.699352, -73.839395)	1
(40.699408, -73.834415)	2
(40.699463, -73.897855)	1
(40.699578, -73.832359)	1
(40.699674, -73.94005)	1
(40.699955, -73.991817)	1
(40.700014, -73.747927)	1
(40.70021, -73.907977)	1
(40.700282, -73.768216)	2
(40.700605, -73.749396)	1
(40.700606, -73.782302)	1
(40.700692, -73.959146)	1
(40.700704, -73.789402)	1
(40.70074, -73.895368)	3
(40.700795, -73.838851)	2
(40.700847, -73.809977)	1
(40.700848, -73.913437)	1
(40.700875, -73.893734)	1
(40.700882, -73.729995)	2
(40.700894, -73.893201)	2
(40.700894, -73.893211)	1
(40.70101, -73.734193)	1
(40.701149, -73.937651)	11
(40.70117, -73.940049)	3
(40.70118, -73.939915)	1
(40.701257, -73.824532)	1
(40.701258, -73.753224)	2
(40.701272, -73.962784)	2
(40.701294, -73.884003)	5
(40.701295, -73.761353)	1
(40.701389, -73.790085)	2
(40.701487, -73.77237)	1
(40.701535, -73.885846)	1
(40.701588, -73.923253)	1
(40.701749, -73.940993)	1
(40.701812, -73.81564)	7
(40.701824, -73.93734)	1
(40.701876, -73.881597)	1
(40.701954, -73.761653)	6
(40.701968, -73.761664)	1
(40.702024, -73.908512)	1
(40.702044, -73.879451)	4
(40.702194, -73.9406)	3
(40.702327, -73.80703)	1
(40.702386, -73.985393)	1
(40.702554, -74.012573)	2
(40.702647, -73.915)	1
(40.702835, -73.89697)	1
(40.702866, -73.888462)	1
(40.702944, -73.943571)	6
(40.703068, -73.867143)	5
(40.703112, -73.990662)	1
(40.703119, -73.946106)	1
(40.703235, -74.012421)	5
(40.703236, -73.944263)	1
(40.703265, -73.991503)	2
(40.703276, -73.886802)	8
(40.703375, -73.857606)	1
(40.703425, -73.779569)	1
(40.703438, -73.78358)	2
(40.703441, -73.772295)	1
(40.703447, -73.882575)	1
(40.703455, -73.756234)	1
(40.703499, -73.937771)	2
(40.703507, -73.756281)	11
(40.703631, -73.943852)	2
(40.703934, -73.894693)	1
(40.703941, -73.938485)	1
(40.704035, -73.772862)	1
(40.704041, -73.772819)	1
(40.70428, -73.946062)	1
(40.704313, -73.986587)	60
(40.704323, -73.760613)	3
(40.704406, -73.875183)	3
(40.704414, -73.809076)	1
(40.704496, -73.740123)	1
(40.704599, -73.919708)	3
(40.704685, -73.811856)	1
(40.704699, -73.944525)	2
(40.704771, -73.941066)	2
(40.704848, -73.796408)	1
(40.704871, -73.896148)	1
(40.704921, -73.964665)	1
(40.704933, -73.799906)	1
(40.705359, -73.948755)	1
(40.705537, -73.801509)	24
(40.705676, -73.945513)	1
(40.705684, -73.939497)	1
(40.705827, -73.89659)	2
(40.70585, -73.746599)	1
(40.7059, -73.793739)	1
(40.705901, -73.899393)	3
(40.70601, -74.01315)	1
(40.706045, -74.013096)	41
(40.706114, -74.01126)	1
(40.706166, -73.898292)	1
(40.706197, -73.964177)	1
(40.706246, -73.80031)	1
(40.706251, -74.012952)	1
(40.70627, -74.012909)	14
(40.706449, -74.012761)	2
(40.70646, -73.753579)	1
(40.7067, -73.79136)	1
(40.706805, -73.941007)	1
(40.706893, -73.91542)	1
(40.706963, -74.007091)	142
(40.707061, -73.796928)	1
(40.707113, -74.012234)	6
(40.707194, -73.772484)	1
(40.707241, -73.897317)	1
(40.707242, -74.013915)	1
(40.707265, -73.831459)	1
(40.707294, -74.01209)	1
(40.707298, -73.835459)	1
(40.707302, -73.789245)	3
(40.707312, -73.804238)	1
(40.707317, -74.004271)	8
(40.707353, -73.800573)	2
(40.707365, -73.90088)	1
(40.707411, -73.944923)	9
(40.707416, -73.965086)	1
(40.707441, -73.903412)	1
(40.707451, -73.861691)	1
(40.707649, -73.963693)	1
(40.707671, -74.005764)	2
(40.707731, -73.963195)	1
(40.707862, -74.015589)	2
(40.707865, -73.795295)	1
(40.708142, -73.795161)	10
(40.708142, -73.954784)	3
(40.708208, -73.818046)	1
(40.708216, -73.761155)	2
(40.708314, -73.781097)	1
(40.708338, -74.009612)	4
(40.708356, -74.014814)	20
(40.708362, -74.009591)	36
(40.708387, -74.012563)	1
(40.708513, -74.014258)	1
(40.708538, -73.871684)	1
(40.708633, -73.926798)	3
(40.708677, -74.014197)	2
(40.708736, -73.932727)	1
(40.70884, -73.797056)	1
(40.708843, -73.913405)	1
(40.70895, -73.797124)	1
(40.709112, -74.006889)	23
(40.709238, -74.006738)	1
(40.709285, -73.876664)	1
(40.709359, -74.006644)	1
(40.709409, -73.762918)	1
(40.709484, -73.797988)	3
(40.709614, -73.814803)	1
(40.709672, -74.010114)	1
(40.709687, -73.819265)	2
(40.709695, -73.76753)	2
(40.709749, -73.782145)	1
(40.709806, -73.792501)	4
(40.709879, -73.863248)	2
(40.71006, -73.853967)	1
(40.710096, -73.830493)	4
(40.710102, -73.84856)	1
(40.710136, -73.740169)	2
(40.710207, -74.001125)	29
(40.710223, -74.010897)	1
(40.710255, -74.016325)	1
(40.710312, -73.764285)	1
(40.710333, -74.006879)	1
(40.710365, -73.799515)	1
(40.710395, -73.941501)	1
(40.710479, -74.0094)	2
(40.710515, -73.769955)	1
(40.710536, -74.009378)	3
(40.710624, -73.783423)	1
(40.710624, -74.009955)	1
(40.710657, -73.735222)	1
(40.710705, -73.968536)	1
(40.710733, -74.016131)	2
(40.710825, -73.777907)	1
(40.710874, -73.853413)	1
(40.711041, -74.006724)	1
(40.71105, -74.006298)	1
(40.711072, -74.006684)	20
(40.711143, -74.000335)	1
(40.711303, -73.772711)	1
(40.711309, -73.856305)	1
(40.711328, -73.856323)	1
(40.711332, -73.827153)	2
(40.711371, -73.996429)	3
(40.711508, -74.007679)	5
(40.711536, -73.944931)	2
(40.711537, -74.015673)	1
(40.71156, -74.008469)	3
(40.711695, -74.007138)	1
(40.711722, -73.962411)	1
(40.71176, -73.745837)	1
(40.711815, -74.010302)	9
(40.711816, -73.996898)	2
(40.711855, -73.80262)	1
(40.711861, -73.787387)	3
(40.711864, -73.787372)	2
(40.71187, -74.008217)	23
(40.711957, -73.959182)	2
(40.711969, -73.738723)	1
(40.712123, -74.008397)	1
(40.712147, -73.769235)	1
(40.712207, -73.886628)	4
(40.712264, -73.888475)	3
(40.712265, -74.007892)	71
(40.712328, -73.88345)	2
(40.712372, -73.892028)	1
(40.712452, -73.997919)	1
(40.712507, -73.788168)	1
(40.712556, -73.991022)	2
(40.712586, -74.009775)	1
(40.712735, -74.00813)	1
(40.712746, -74.006009)	1
(40.712835, -73.878169)	2
(40.712876, -73.877934)	2
(40.712886, -74.008466)	4
(40.712914, -73.977769)	2
(40.712917, -73.87736)	1
(40.712982, -74.007301)	22
(40.713094, -73.875816)	2
(40.713164, -73.874968)	2
(40.713213, -73.997219)	1
(40.71322, -74.011709)	1
(40.713245, -73.873511)	7
(40.713306, -73.956476)	5
(40.713309, -73.816828)	1
(40.713441, -73.958701)	1
(40.713451, -74.008062)	14
(40.713503, -73.820348)	1
(40.713512, -73.820326)	1
(40.713533, -74.012452)	1
(40.713627, -73.997367)	1
(40.713639, -73.73692)	1
(40.713685, -73.754851)	2
(40.713686, -73.830505)	8
(40.713701, -73.878957)	6
(40.713759, -73.769439)	1
(40.713909, -73.832351)	2
(40.71391, -73.99197)	1
(40.713932, -74.006522)	6
(40.714096, -73.998719)	1
(40.714136, -73.752992)	1
(40.714213, -73.913903)	2
(40.714285, -73.987591)	5
(40.714492, -73.997201)	1
(40.714645, -73.780762)	25
(40.714672, -73.954148)	12
(40.714825, -73.735606)	1
(40.714879, -74.006345)	1
(40.714934, -73.796154)	1
(40.714965, -73.832035)	1
(40.714984, -73.835898)	2
(40.714987, -73.832067)	1
(40.715049, -74.008185)	2
(40.715124, -73.959894)	1
(40.715144, -73.795284)	1
(40.71521, -73.989918)	2
(40.715309, -73.961756)	1
(40.715426, -73.87306)	5
(40.71554, -74.006064)	6
(40.715863, -73.986447)	1
(40.715931, -73.789957)	1
(40.715969, -73.882369)	2
(40.716169, -74.007446)	7
(40.716182, -74.00694)	5
(40.716423, -73.855126)	2
(40.716428, -73.833925)	2
(40.716729, -73.951373)	1
(40.71706, -73.840572)	1
(40.717067, -73.944793)	2
(40.717319, -73.855823)	23
(40.7175, -73.938891)	1
(40.717565, -73.936726)	1
(40.717577, -73.738614)	1
(40.717604, -74.010667)	1
(40.717613, -73.735378)	2
(40.717638, -73.79629)	4
(40.717825, -73.940326)	1
(40.717983, -73.81188)	1
(40.717993, -73.816025)	17
(40.718027, -74.007233)	3
(40.7181, -73.836515)	2
(40.718394, -73.873296)	3
(40.718409, -73.837145)	2
(40.718453, -73.817513)	3
(40.718478, -73.872653)	4
(40.718491, -73.963698)	95
(40.718556, -73.78506)	8
(40.718606, -73.929366)	1
(40.71862, -73.79133)	1
(40.718692, -73.841214)	27
(40.718728, -73.940271)	5
(40.718756, -73.840294)	1
(40.718868, -73.939744)	1
(40.718933, -73.905708)	1
(40.719133, -74.008741)	1
(40.719174, -73.938575)	2
(40.719253, -73.984971)	1
(40.719712, -73.890598)	1
(40.719721, -73.771334)	1
(40.71974, -73.73296)	1
(40.719786, -73.871691)	7
(40.719824, -73.9847)	1
(40.719923, -73.840507)	6
(40.720006, -74.009008)	2
(40.720011, -73.813194)	1
(40.72008, -74.002832)	1
(40.720084, -73.958387)	1
(40.720161, -73.98356)	28
(40.720198, -73.758778)	1
(40.720313, -73.81849)	1
(40.720322, -73.758896)	2
(40.720367, -73.873544)	1
(40.720437, -74.001014)	3
(40.72044, -73.845521)	1
(40.720546, -73.844536)	4
(40.720569, -73.853886)	1
(40.720619, -73.846061)	1
(40.720713, -73.747001)	1
(40.720727, -73.886794)	2
(40.720746, -73.961276)	4
(40.720758, -73.760089)	17
(40.720805, -73.998427)	3
(40.720818, -73.844365)	6
(40.720959, -73.731675)	1
(40.721517, -73.809536)	5
(40.721539, -73.804258)	2
(40.721656, -73.977499)	1
(40.721714, -73.890916)	3
(40.721893, -73.807478)	1
(40.721937, -73.985321)	2
(40.72212, -73.847335)	5
(40.722133, -73.988964)	3
(40.722234, -73.784868)	1
(40.722418, -73.984393)	2
(40.722442, -73.883793)	1
(40.72246, -73.976777)	1
(40.722542, -73.997673)	1
(40.722567, -73.762748)	5
(40.722571, -73.982701)	6
(40.72266, -73.825551)	1
(40.722669, -73.839152)	1
(40.722711, -73.814424)	1
(40.722718, -73.811823)	2
(40.722755, -73.901283)	1
(40.722992, -74.008031)	2
(40.723064, -73.864946)	1
(40.723069, -73.950394)	1
(40.723113, -73.976442)	1
(40.723171, -73.879979)	1
(40.723247, -74.004957)	4
(40.72335, -73.900239)	2
(40.723384, -73.81474)	1
(40.723516, -73.973909)	2
(40.723533, -73.993834)	3
(40.72378, -73.848991)	5
(40.72392, -73.844979)	1
(40.723991, -73.780793)	24
(40.724022, -73.939466)	1
(40.724287, -73.822025)	2
(40.724368, -73.737661)	1
(40.724479, -73.758282)	1
(40.724479, -73.898033)	2
(40.724606, -73.869405)	1
(40.724619, -73.886827)	3
(40.724734, -73.778936)	5
(40.724905, -73.987243)	3
(40.724948, -73.765107)	2
(40.725042, -73.85502)	1
(40.725083, -74.00924)	12
(40.725195, -73.854922)	11
(40.725243, -73.950616)	2
(40.725301, -74.003503)	1
(40.725453, -73.941625)	9
(40.725455, -73.847804)	1
(40.725484, -74.010001)	10
(40.725601, -73.791694)	1
(40.725682, -74.009157)	1
(40.725699, -73.996558)	65
(40.725722, -73.732308)	1
(40.725846, -73.821415)	1
(40.725923, -73.988819)	1
(40.725926, -74.001227)	1
(40.725944, -73.870081)	32
(40.725965, -74.00127)	6
(40.725967, -74.005744)	3
(40.726016, -73.985229)	4
(40.726041, -73.989548)	1
(40.726045, -73.97796)	6
(40.726068, -73.791844)	1
(40.726086, -73.97739)	2
(40.726086, -73.996205)	1
(40.726109, -73.739537)	3
(40.726123, -73.790592)	4
(40.726143, -73.784924)	1
(40.726156, -73.818286)	1
(40.726157, -73.784942)	1
(40.726196, -73.977281)	1
(40.726206, -74.002572)	5
(40.726333, -74.004661)	7
(40.726341, -73.789935)	1
(40.726415, -74.003651)	1
(40.726576, -73.98476)	10
(40.726699, -73.843785)	1
(40.726702, -73.788837)	1
(40.726782, -73.985868)	8
(40.726796, -73.821889)	1
(40.726869, -73.826507)	1
(40.726946, -73.801042)	1
(40.726976, -73.873124)	2
(40.726978, -73.893588)	14
(40.727019, -73.893556)	1
(40.727091, -73.863105)	2
(40.727104, -73.822028)	16
(40.727116, -73.787522)	4
(40.727131, -73.822068)	2
(40.727134, -73.735077)	1
(40.727153, -73.822079)	1
(40.727189, -73.811702)	2
(40.727204, -73.787255)	3
(40.727273, -73.895442)	9
(40.727389, -73.786684)	3
(40.727392, -74.005517)	3
(40.727446, -73.895482)	2
(40.72746, -73.786468)	1
(40.72748, -74.00548)	4
(40.72754, -74.007295)	8
(40.727586, -73.786096)	2
(40.727601, -73.951195)	3
(40.727617, -73.818545)	11
(40.727667, -73.999282)	20
(40.727782, -73.7855)	4
(40.727866, -73.8921)	1
(40.727955, -73.812274)	1
(40.727977, -73.776526)	2
(40.728245, -73.991233)	2
(40.728347, -74.005343)	3
(40.728481, -73.783369)	2
(40.728526, -73.851538)	3
(40.728586, -73.876336)	1
(40.728675, -73.900895)	2
(40.728685, -73.998412)	1
(40.728708, -73.782675)	11
(40.728721, -73.858501)	1
(40.728775, -73.993931)	1
(40.728924, -73.829965)	1
(40.72893, -73.910218)	1
(40.72895, -73.796886)	1
(40.729091, -73.803276)	1
(40.729165, -74.00525)	102
(40.729187, -74.004196)	2
(40.729245, -73.781006)	2
(40.729327, -73.798779)	2
(40.729489, -73.993325)	8
(40.729518, -73.780068)	4
(40.729534, -73.86074)	1
(40.72975, -73.779233)	1
(40.729751, -73.794723)	1
(40.729754, -73.849951)	3
(40.72993, -73.818146)	1
(40.730005, -73.792503)	3
(40.730008, -73.992914)	5
(40.730123, -73.954949)	1
(40.730124, -73.823085)	1
(40.730157, -73.782634)	1
(40.730167, -74.005282)	1
(40.730174, -73.892364)	1
(40.730244, -73.783677)	2
(40.73037, -73.861969)	17
(40.730372, -73.892378)	4
(40.730445, -73.829831)	1
(40.730499, -74.001963)	1
(40.730605, -73.863635)	2
(40.730617, -73.823783)	5
(40.73063, -73.989104)	12
(40.730675, -73.992326)	10
(40.730725, -73.891461)	1
(40.730753, -73.858764)	1
(40.730815, -74.008064)	2
(40.730928, -73.882747)	1
(40.731084, -73.860538)	2
(40.731084, -73.992004)	1
(40.731179, -73.852979)	1
(40.731249, -74.000004)	3
(40.731353, -73.818961)	1
(40.73136, -73.780141)	1
(40.731501, -73.800288)	1
(40.731556, -73.992827)	2
(40.731752, -73.856193)	1
(40.73211, -73.990171)	1
(40.732112, -73.812868)	1
(40.732184, -73.986711)	12
(40.73226, -73.856931)	2
(40.73243, -73.953422)	2
(40.732481, -73.849379)	2
(40.732663, -73.981454)	1
(40.732724, -73.824951)	3
(40.732734, -73.849508)	1
(40.732802, -73.991192)	2
(40.732909, -73.823951)	1
(40.733068, -73.846632)	1
(40.733073, -73.78195)	3
(40.733076, -73.762527)	7
(40.733216, -73.989922)	1
(40.733374, -73.760595)	3
(40.733492, -73.849874)	1
(40.733537, -74.007736)	1
(40.733659, -73.810703)	2
(40.733739, -73.918713)	1
(40.733848, -74.006264)	1
(40.733861, -73.80494)	1
(40.733872, -73.986743)	1
(40.733887, -73.753907)	4
(40.733908, -74.005174)	1
(40.733916, -73.989872)	1
(40.733932, -73.804936)	2
(40.733955, -73.779353)	13
(40.734079, -73.788337)	1
(40.734163, -73.988627)	13
(40.73447, -73.98631)	1
(40.734498, -74.004691)	1
(40.734592, -74.000682)	1
(40.734646, -73.99081)	1
(40.734652, -73.882408)	1
(40.734686, -73.980003)	2
(40.734765, -73.810631)	1
(40.734915, -73.993198)	1
(40.734921, -73.86245)	1
(40.734933, -73.794599)	3
(40.734938, -73.862399)	2
(40.735453, -73.991549)	1
(40.735456, -73.850909)	1
(40.735519, -73.993981)	1
(40.735588, -73.991448)	3
(40.735656, -73.991398)	26
(40.735679, -73.934465)	2
(40.73575, -73.853211)	1
(40.735791, -73.991297)	4
(40.73584, -73.98955)	2
(40.73614, -73.977014)	1
(40.736179, -73.810544)	2
(40.736195, -73.869956)	1
(40.736231, -73.808685)	1
(40.736241, -73.713329)	2
(40.736395, -74.000985)	1
(40.736458, -74.006502)	4
(40.736527, -73.994833)	5
(40.736644, -73.774772)	1
(40.736966, -73.789858)	1
(40.737111, -73.992152)	3
(40.737205, -73.879686)	1
(40.737347, -73.797355)	2
(40.737416, -73.992581)	1
(40.737483, -73.756723)	1
(40.737561, -73.993176)	1
(40.737704, -73.997676)	1
(40.737783, -73.859463)	3
(40.737871, -73.993912)	1
(40.738034, -74.000603)	2
(40.738098, -73.860996)	1
(40.738412, -73.846767)	1
(40.738418, -73.79453)	1
(40.73859, -73.98466)	2
(40.738626, -73.997694)	1
(40.738642, -73.987511)	1
(40.738802, -73.992519)	1
(40.738817, -73.80914)	3
(40.738831, -73.79529)	65
(40.738835, -73.989867)	44
(40.738925, -73.955247)	1
(40.738928, -73.992783)	2
(40.739073, -73.989784)	1
(40.739238, -74.005431)	2
(40.739265, -73.986215)	1
(40.739329, -73.75506)	21
(40.739395, -73.992083)	6
(40.739452, -73.99222)	1
(40.739757, -74.000375)	8
(40.739859, -73.993187)	2
(40.740166, -73.989492)	8
(40.740177, -73.990589)	1
(40.740224, -73.787953)	1
(40.74039, -73.758091)	15
(40.740581, -73.978925)	1
(40.740698, -73.86871)	1
(40.740899, -73.999325)	2
(40.740978, -73.784642)	1
(40.741004, -73.921775)	4
(40.741052, -73.922926)	1
(40.741071, -73.947277)	4
(40.741072, -73.976847)	2
(40.741089, -73.976836)	1
(40.741217, -73.989831)	7
(40.741253, -73.990978)	18
(40.741366, -73.998614)	3
(40.741379, -73.998607)	3
(40.741439, -73.781789)	1
(40.741828, -73.907281)	4
(40.741861, -73.900389)	2
(40.742162, -73.95872)	1
(40.742196, -73.861392)	1
(40.742219, -73.995182)	1
(40.742266, -73.991252)	1
(40.742281, -73.917908)	1
(40.742343, -73.977593)	4
(40.742499, -73.993115)	23
(40.742534, -73.984641)	1
(40.742547, -73.982516)	14
(40.742652, -73.895443)	1
(40.742696, -73.881622)	4
(40.742749, -73.994533)	1
(40.742839, -73.915854)	1
(40.742883, -73.990686)	1
(40.742949, -73.996467)	9
(40.743032, -73.91755)	16
(40.743048, -73.825519)	3
(40.743092, -73.991177)	1
(40.743113, -73.888802)	1
(40.743124, -73.918492)	27
(40.743134, -73.906644)	1
(40.743185, -73.996319)	1
(40.743281, -73.937514)	33
(40.7433, -73.986225)	11
(40.743395, -73.870004)	5
(40.74342, -73.984017)	3
(40.743523, -73.989073)	1
(40.743573, -73.979704)	22
(40.743574, -73.922176)	1
(40.743578, -73.753724)	1
(40.743624, -73.994486)	1
(40.743634, -73.865951)	4
(40.743859, -73.780107)	1
(40.743891, -73.924889)	1
(40.743904, -73.83303)	1
(40.743905, -73.913352)	4
(40.743985, -73.906982)	3
(40.744096, -73.985619)	1
(40.744176, -73.776147)	1
(40.744244, -73.912204)	6
(40.744253, -73.91224)	1
(40.744291, -73.986387)	1
(40.74441, -73.862586)	2
(40.744416, -73.886097)	1
(40.744465, -73.917473)	1
(40.744521, -73.987427)	2
(40.744529, -73.985301)	1
(40.74458, -73.956448)	51
(40.744596, -73.992818)	6
(40.744802, -73.995114)	6
(40.74517, -73.722197)	1
(40.745215, -73.91046)	1
(40.745222, -73.923993)	2
(40.745266, -73.99254)	2
(40.745267, -73.982652)	1
(40.745293, -73.905216)	1
(40.745343, -73.992674)	1
(40.745355, -73.907237)	1
(40.745551, -73.881479)	3
(40.745554, -73.928648)	3
(40.745743, -73.994435)	3
(40.745831, -73.991916)	1
(40.745833, -73.931441)	2
(40.745914, -73.945382)	1
(40.745976, -73.915276)	4
(40.746043, -73.998333)	1
(40.746056, -73.916211)	1
(40.746077, -73.982092)	9
(40.746107, -73.914085)	1
(40.746117, -73.996431)	2
(40.746123, -73.979913)	10
(40.746184, -73.863737)	1
(40.746287, -73.949709)	1
(40.746308, -73.901876)	12
(40.746366, -73.881456)	1
(40.7466, -73.864707)	1
(40.746614, -73.864721)	3
(40.74666, -73.893145)	6
(40.74669, -73.853197)	6
(40.746744, -73.981576)	3
(40.746777, -73.891698)	1
(40.746841, -73.985716)	3
(40.746895, -73.982944)	1
(40.747118, -73.718436)	1
(40.747239, -73.991425)	1
(40.747294, -73.997023)	2
(40.74731, -73.983969)	7
(40.74737, -73.886525)	1
(40.747407, -74.001483)	1
(40.747456, -74.001552)	3
(40.747469, -73.982236)	2
(40.747661, -73.880794)	2
(40.747668, -74.00209)	2
(40.747746, -73.865545)	4
(40.747773, -73.865563)	1
(40.747876, -73.991064)	1
(40.747889, -73.988256)	1
(40.747929, -73.865462)	2
(40.74794, -73.867674)	1
(40.747991, -73.989108)	2
(40.74814, -73.913913)	9
(40.748189, -73.864537)	1
(40.748305, -73.867886)	1
(40.748342, -73.984643)	1
(40.748345, -73.990245)	2
(40.74839, -73.91671)	1
(40.748408, -73.902144)	1
(40.748489, -73.70918)	2
(40.748518, -73.93779)	10
(40.74865, -73.988317)	1
(40.74884, -73.913075)	2
(40.748885, -73.866207)	1
(40.748933, -73.993579)	1
(40.748938, -73.748485)	153
(40.748992, -73.891561)	1
(40.749001, -73.993691)	1
(40.749017, -73.866308)	1
(40.749066, -73.880409)	1
(40.749076, -73.975682)	2
(40.749121, -73.915327)	1
(40.749131, -73.997019)	1
(40.749154, -73.708513)	1
(40.749234, -73.878517)	1
(40.749329, -73.877611)	4
(40.74936, -73.986773)	1
(40.749443, -73.992843)	1
(40.749526, -73.862611)	1
(40.749547, -73.987978)	2
(40.749705, -73.94029)	1
(40.749712, -73.866371)	1
(40.749728, -73.818142)	1
(40.749769, -73.884172)	10
(40.749798, -73.977259)	2
(40.749824, -73.983838)	2
(40.749854, -73.985845)	1
(40.749917, -73.911009)	6
(40.750012, -73.704886)	1
(40.750017, -73.991345)	15
(40.750066, -73.992107)	1
(40.750071, -73.778953)	1
(40.750081, -73.944744)	2
(40.750094, -74.003999)	2
(40.750245, -73.976909)	2
(40.750256, -73.973256)	1
(40.750643, -73.974126)	2
(40.750646, -73.976641)	2
(40.750683, -73.937106)	3
(40.750719, -73.985967)	1
(40.750742, -73.891136)	1
(40.750809, -73.982845)	1
(40.750829, -73.987761)	1
(40.75094, -73.822838)	1
(40.750951, -73.82282)	1
(40.750962, -73.822806)	4
(40.750981, -73.822806)	1
(40.751226, -73.886465)	2
(40.751261, -73.979868)	4
(40.751283, -73.877023)	2
(40.751477, -73.82392)	1
(40.751553, -73.984152)	5
(40.751557, -73.823995)	2
(40.751591, -73.870641)	1
(40.751772, -73.980795)	1
(40.751773, -73.984628)	15
(40.751823, -73.97576)	6
(40.751863, -73.873344)	1
(40.751892, -73.9394)	1
(40.751923, -73.983073)	4
(40.752012, -73.873347)	1
(40.752027, -73.929829)	1
(40.752034, -73.991053)	1
(40.752114, -73.893256)	12
(40.752122, -73.991255)	3
(40.752152, -73.991287)	1
(40.752171, -73.991377)	1
(40.752294, -73.868048)	3
(40.752295, -73.993402)	74
(40.752374, -73.973266)	3
(40.75239, -73.979575)	14
(40.752532, -73.978662)	6
(40.752547, -73.755921)	1
(40.752557, -73.939696)	1
(40.752567, -73.99433)	1
(40.752771, -73.872559)	9
(40.752804, -73.872566)	2
(40.752932, -73.991258)	5
(40.752953, -73.791988)	1
(40.752992, -73.989186)	9
(40.753024, -73.985411)	2
(40.753034, -73.909514)	1
(40.75304, -73.966751)	1
(40.75313, -73.996481)	2
(40.753154, -73.886815)	1
(40.753494, -73.881191)	1
(40.753574, -73.998838)	2
(40.753606, -73.759638)	14
(40.753749, -73.873322)	1
(40.753749, -73.984916)	1
(40.753771, -73.873142)	1
(40.753968, -73.865854)	1
(40.753981, -73.977254)	1
(40.754004, -73.865872)	1
(40.754026, -73.822964)	2
(40.754034, -73.823)	16
(40.754216, -73.990478)	3
(40.754306, -73.793575)	1
(40.754316, -73.978163)	8
(40.754379, -73.978116)	1
(40.754513, -73.928108)	4
(40.754562, -73.823626)	3
(40.75462, -73.944188)	5
(40.754688, -73.984241)	7
(40.754812, -73.788177)	1
(40.754833, -73.91907)	1
(40.754994, -73.825964)	1
(40.755071, -73.968392)	12
(40.755169, -73.992702)	1
(40.755402, -73.943436)	1
(40.755497, -73.880632)	2
(40.75556, -73.945757)	1
(40.755566, -73.830593)	7
(40.755703, -73.918805)	41
(40.755711, -73.875906)	3
(40.755714, -73.918787)	1
(40.755756, -73.9431)	1
(40.755785, -73.883291)	1
(40.755828, -73.966912)	4
(40.755854, -73.947843)	2
(40.755907, -73.942952)	1
(40.755973, -73.942645)	1
(40.756267, -73.921187)	3
(40.756289, -73.976722)	12
(40.756348, -73.828653)	5
(40.756351, -73.947373)	2
(40.756717, -73.944511)	1
(40.756734, -73.944493)	2
(40.756739, -73.867325)	2
(40.756772, -73.944453)	2
(40.756845, -73.81295)	1
(40.756892, -73.766495)	2
(40.756929, -73.738821)	1
(40.756961, -73.866454)	1
(40.757075, -73.772851)	1
(40.757103, -73.986193)	4
(40.757136, -73.987446)	2
(40.757203, -73.939342)	1
(40.757271, -73.963692)	1
(40.757286, -73.734048)	1
(40.757388, -73.910335)	1
(40.757444, -73.92356)	1
(40.75745, -73.827669)	3
(40.757519, -73.827755)	14
(40.757661, -73.990832)	1
(40.757665, -73.945957)	2
(40.757684, -73.945939)	1
(40.757788, -73.79469)	1
(40.757795, -73.861637)	10
(40.757796, -73.909999)	1
(40.757905, -73.784923)	1
(40.758166, -73.989933)	9
(40.758171, -73.973246)	5
(40.758311, -73.825497)	1
(40.758317, -73.990247)	1
(40.758337, -73.934597)	4
(40.758534, -73.994802)	3
(40.758545, -73.807051)	1
(40.758577, -73.89235)	1
(40.758696, -73.943618)	6
(40.758754, -73.978692)	1
(40.758762, -73.890426)	1
(40.758825, -73.974877)	4
(40.75886, -73.984843)	13
(40.759017, -73.82007)	3
(40.759093, -73.834187)	1
(40.759096, -73.990156)	2
(40.759174, -73.831295)	1
(40.759191, -73.823029)	1
(40.759204, -73.974599)	3
(40.759212, -73.77358)	30
(40.759243, -73.768779)	1
(40.759297, -73.992622)	1
(40.759317, -73.799158)	2
(40.759626, -73.92037)	1
(40.759665, -73.973783)	2
(40.759921, -73.831557)	4
(40.75995, -73.816678)	1
(40.760027, -73.933029)	1
(40.760038, -73.991449)	8
(40.760057, -73.971895)	1
(40.76009, -73.994502)	4
(40.760166, -73.822893)	1
(40.760189, -73.890008)	1
(40.760192, -73.8276)	6
(40.760263, -73.912425)	1
(40.760309, -73.769216)	20
(40.760376, -73.829646)	1
(40.760377, -73.832014)	3
(40.760447, -73.832754)	2
(40.760454, -73.915276)	3
(40.760487, -73.984648)	5
(40.760549, -73.976421)	1
(40.760579, -73.884373)	2
(40.7606, -73.828758)	4
(40.760629, -73.96631)	1
(40.760654, -73.828545)	2
(40.760826, -73.827876)	10
(40.760852, -73.941143)	1
(40.760857, -73.979717)	1
(40.760888, -73.935819)	1
(40.761041, -73.935671)	5
(40.761098, -73.996892)	2
(40.761156, -73.803867)	1
(40.761169, -73.857714)	1
(40.761332, -73.823125)	1
(40.761439, -73.783994)	1
(40.761577, -73.723122)	1
(40.761964, -73.983684)	18
(40.761986, -73.987358)	1
(40.762019, -73.918548)	1
(40.762145, -73.915108)	2
(40.762176, -73.932605)	1
(40.762277, -73.871079)	1
(40.762357, -73.932994)	4
(40.76239, -73.974374)	1
(40.762449, -73.781229)	1
(40.762471, -73.831681)	40
(40.762678, -73.818212)	45
(40.762893, -73.761338)	3
(40.76295, -73.93778)	1
(40.76341, -73.913987)	1
(40.763505, -73.902833)	2
(40.763508, -73.770938)	37
(40.763625, -73.96371)	7
(40.76369, -73.930556)	5
(40.763702, -73.916265)	1
(40.763705, -73.937318)	1
(40.763714, -73.930564)	1
(40.763855, -73.828522)	1
(40.764014, -73.981117)	3
(40.764107, -73.771253)	1
(40.764197, -73.831662)	1
(40.764225, -73.982391)	1
(40.764445, -73.985409)	1
(40.764452, -73.963735)	2
(40.76448, -73.977593)	1
(40.764481, -73.9474)	3
(40.764508, -73.940894)	1
(40.76451, -73.769786)	1
(40.764618, -73.940829)	1
(40.764619, -73.884846)	1
(40.764697, -73.823025)	2
(40.764722, -73.822975)	14
(40.76473, -73.940761)	11
(40.764736, -73.940779)	1
(40.76485, -73.827974)	1
(40.765086, -73.974871)	1
(40.765184, -73.992953)	1
(40.7652, -73.814432)	3
(40.765206, -73.919461)	1
(40.765563, -73.770617)	1
(40.765831, -73.810853)	2
(40.765955, -73.969697)	7
(40.76598, -73.868906)	1
(40.765999, -73.985177)	15
(40.766021, -73.985267)	1
(40.76625, -73.772372)	51
(40.766303, -73.984)	1
(40.766391, -73.982119)	1
(40.766403, -73.909622)	1
(40.766459, -73.907417)	4
(40.766513, -73.783418)	1
(40.766576, -73.928232)	1
(40.766788, -73.910438)	2
(40.767278, -73.827156)	1
(40.767306, -73.990267)	3
(40.76731, -73.980141)	1
(40.767549, -73.790144)	3
(40.76757, -73.803935)	1
(40.767592, -73.956141)	6
(40.767826, -73.925859)	1
(40.767887, -73.876198)	2
(40.76791, -73.890469)	1
(40.768096, -73.892374)	1
(40.768188, -73.747466)	2
(40.768265, -73.93509)	1
(40.768351, -73.952642)	2
(40.768452, -73.751693)	2
(40.768695, -73.993513)	3
(40.768939, -73.801858)	1
(40.768985, -73.922428)	1
(40.769003, -73.902741)	1
(40.769158, -73.982429)	2
(40.769446, -73.79333)	1
(40.769527, -73.964165)	2
(40.769692, -73.828085)	1
(40.769771, -73.889859)	1
(40.770141, -73.984974)	1
(40.770163, -73.963724)	1
(40.770387, -73.828617)	2
(40.770832, -73.873207)	3
(40.771119, -73.90684)	8
(40.771129, -73.922992)	2
(40.771231, -73.956128)	2
(40.771322, -73.906594)	1
(40.771381, -73.960373)	4
(40.771522, -73.964792)	1
(40.771644, -73.822733)	1
(40.771865, -73.955665)	17
(40.771938, -73.946942)	23
(40.77195, -73.932086)	1
(40.772178, -73.829208)	1
(40.77221, -73.892187)	1
(40.772247, -73.955863)	1
(40.77259, -73.95734)	1
(40.772851, -73.899371)	1
(40.773157, -73.897692)	1
(40.773193, -73.954693)	3
(40.773326, -73.959083)	1
(40.773525, -73.911664)	3
(40.77418, -73.828174)	10
(40.77422, -73.913027)	1
(40.774522, -73.949814)	17
(40.774835, -73.916709)	1
(40.774887, -73.912203)	2
(40.774988, -73.912077)	1
(40.775158, -73.911871)	14
(40.775227, -73.911788)	1
(40.775271, -73.911762)	1
(40.775281, -73.935191)	1
(40.775295, -73.911704)	1
(40.775296, -73.909502)	1
(40.775339, -73.911679)	2
(40.775412, -73.950005)	1
(40.775495, -73.936191)	1
(40.775565, -73.825925)	1
(40.775761, -73.910148)	1
(40.775797, -73.907783)	1
(40.77606, -73.907465)	1
(40.776515, -73.921365)	1
(40.776721, -73.80889)	1
(40.777051, -73.977961)	2
(40.777221, -73.824234)	1
(40.777496, -73.918558)	1
(40.777633, -73.951144)	2
(40.777808, -73.95765)	4
(40.777908, -73.907451)	1
(40.778478, -73.906754)	1
(40.77878, -73.979942)	1
(40.77894, -73.982423)	18
(40.779055, -73.918524)	2
(40.779222, -73.978975)	1
(40.779223, -73.984893)	1
(40.779523, -73.803242)	7
(40.779602, -73.955519)	1
(40.779623, -73.979975)	16
(40.779746, -73.952157)	2
(40.779768, -73.84153)	1
(40.779854, -73.960473)	31
(40.780356, -73.959754)	1
(40.780625, -73.946405)	1
(40.780677, -73.750459)	2
(40.780704, -73.980115)	1
(40.781058, -73.977374)	16
(40.7813, -73.959901)	4
(40.781661, -73.835221)	1
(40.781663, -73.834441)	14
(40.781671, -73.830744)	1
(40.781675, -73.827292)	4
(40.781681, -73.825862)	1
(40.781682, -73.952853)	4
(40.781988, -73.825623)	6
(40.782184, -73.980093)	1
(40.782266, -73.980292)	3
(40.78244, -73.984423)	51
(40.782487, -73.811304)	4
(40.782622, -73.91632)	1
(40.782663, -73.780701)	24
(40.782804, -73.981577)	1
(40.782988, -73.845877)	1
(40.783213, -73.845653)	7
(40.783229, -73.802321)	1
(40.783293, -73.980808)	1
(40.783326, -73.946984)	3
(40.783776, -73.951981)	2
(40.783944, -73.852733)	1
(40.783978, -73.977731)	1
(40.784019, -73.780491)	1
(40.784144, -73.825065)	1
(40.784148, -73.948929)	12
(40.784629, -73.845801)	2
(40.784763, -73.950431)	1
(40.784835, -73.979226)	2
(40.784875, -73.97334)	1
(40.786337, -73.952694)	12
(40.786942, -73.808374)	8
(40.787324, -73.94988)	10
(40.787335, -73.978286)	1
(40.78765, -73.955138)	1
(40.787708, -73.813402)	11
(40.787847, -73.947706)	2
(40.787957, -73.947298)	2
(40.788364, -73.943062)	1
(40.788411, -73.815581)	1
(40.788425, -73.978918)	1
(40.788491, -73.976942)	1
(40.788528, -73.815046)	1
(40.78868, -73.813735)	6
(40.788951, -73.813366)	2
(40.788959, -73.813261)	1
(40.789117, -73.812578)	2
(40.789428, -73.971178)	2
(40.789473, -73.943288)	1
(40.789622, -73.81413)	1
(40.789636, -73.814111)	1
(40.79007, -73.947852)	1
(40.790071, -73.975132)	1
(40.790082, -73.972734)	2
(40.790368, -73.93951)	1
(40.790396, -73.945519)	1
(40.790622, -73.948437)	14
(40.791029, -73.974417)	1
(40.791036, -73.942124)	2
(40.791417, -73.966165)	4
(40.791929, -73.949599)	7
(40.792036, -73.938317)	3
(40.79214, -73.971824)	23
(40.792261, -73.964261)	5
(40.792277, -73.936532)	9
(40.792285, -73.811283)	2
(40.792321, -73.811114)	26
(40.792503, -73.976814)	2
(40.792696, -73.945962)	3
(40.793032, -73.971097)	2
(40.794233, -73.968673)	3
(40.794311, -73.948979)	1
(40.794514, -73.941792)	1
(40.794518, -73.966326)	2
(40.794876, -73.971631)	3
(40.794913, -73.813743)	7
(40.795212, -73.944099)	1
(40.795228, -73.948332)	6
(40.795385, -73.973502)	4
(40.795418, -73.933998)	1
(40.795701, -73.965437)	1
(40.795855, -73.935529)	1
(40.795873, -73.961626)	1
(40.796219, -73.96509)	2
(40.796238, -73.931898)	2
(40.796628, -73.93806)	2
(40.79693, -73.964551)	2
(40.797152, -73.949013)	13
(40.797309, -73.948901)	1
(40.797495, -73.97055)	2
(40.797649, -73.937232)	1
(40.797688, -73.933436)	3
(40.797706, -73.948608)	1
(40.797834, -73.951465)	1
(40.797909, -73.935855)	1
(40.798132, -73.9623)	26
(40.798535, -73.970802)	1
(40.79854, -73.959678)	2
(40.798721, -73.96956)	13
(40.798849, -73.950027)	1
(40.798896, -73.968064)	1
(40.798897, -73.962036)	1
(40.798937, -73.945602)	2
(40.799262, -73.952432)	1
(40.799617, -73.943987)	6
(40.799645, -73.94406)	5
(40.799749, -73.932686)	2
(40.799828, -73.942398)	1
(40.80013, -73.932407)	1
(40.800143, -73.968075)	4
(40.800226, -73.961179)	1
(40.800253, -73.969064)	1
(40.800343, -73.945721)	1
(40.800356, -73.939739)	1
(40.800398, -73.945847)	4
(40.800671, -73.948657)	4
(40.800707, -73.96633)	1
(40.800757, -73.967933)	1
(40.80086, -73.954233)	2
(40.801098, -73.967294)	2
(40.801189, -73.953991)	6
(40.801359, -73.96188)	1
(40.801832, -73.964679)	1
(40.801923, -73.965163)	1
(40.802172, -73.912442)	1
(40.80222, -73.94612)	2
(40.802324, -73.950375)	2
(40.802443, -73.968323)	2
(40.802592, -73.937256)	1
(40.802709, -73.958512)	1
(40.802757, -73.965238)	29
(40.802774, -73.951447)	1
(40.803101, -73.94622)	1
(40.803362, -73.935037)	9
(40.80386, -73.954062)	1
(40.804143, -73.913071)	3
(40.804292, -73.964966)	1
(40.804649, -73.951883)	1
(40.805222, -73.965916)	2
(40.805415, -73.91847)	1
(40.805454, -73.953786)	1
(40.805845, -73.956636)	1
(40.806283, -73.856913)	2
(40.806445, -73.926517)	1
(40.806495, -73.953843)	1
(40.806658, -73.950801)	4
(40.806676, -73.936941)	1
(40.806783, -73.941984)	1
(40.806958, -73.946091)	3
(40.807387, -73.936695)	1
(40.807426, -73.950678)	1
(40.807712, -73.916863)	1
(40.807735, -73.937063)	6
(40.807852, -73.939696)	3
(40.807913, -73.939837)	3
(40.807946, -73.945866)	2
(40.808105, -73.94523)	1
(40.808117, -73.923596)	2
(40.808256, -73.958419)	1
(40.808571, -73.939504)	3
(40.808612, -73.916306)	6
(40.808915, -73.885965)	4
(40.808938, -73.96323)	5
(40.809181, -73.946721)	1
(40.809342, -73.92134)	1
(40.809518, -73.944225)	2
(40.809534, -73.923887)	2
(40.809727, -73.953035)	1
(40.809902, -73.950499)	1
(40.810031, -73.916658)	2
(40.810325, -73.95107)	1
(40.810418, -73.951001)	2
(40.810553, -73.950878)	1
(40.810853, -73.94694)	1
(40.810857, -73.916715)	1
(40.811016, -73.949097)	2
(40.811054, -73.924398)	6
(40.811101, -73.964168)	1
(40.811145, -73.943631)	1
(40.811475, -73.906769)	1
(40.811509, -73.940603)	2
(40.811519, -73.950198)	3
(40.811593, -73.938494)	5
(40.811782, -73.902444)	1
(40.811865, -73.914362)	5
(40.812068, -73.925286)	1
(40.812434, -73.919003)	2
(40.812442, -73.953275)	11
(40.812534, -73.902707)	2
(40.812647, -73.95679)	2
(40.812781, -73.957238)	1
(40.813095, -73.907171)	1
(40.813208, -73.904765)	2
(40.813584, -73.905006)	3
(40.813636, -73.945717)	1
(40.814358, -73.940659)	1
(40.814362, -73.957147)	1
(40.814442, -73.951493)	1
(40.814551, -73.949296)	24
(40.814555, -73.822564)	1
(40.814707, -73.923971)	1
(40.814721, -73.924488)	2
(40.81481, -73.921825)	2
(40.815052, -73.935936)	5
(40.815285, -73.824527)	1
(40.815611, -73.943465)	2
(40.815763, -73.900437)	2
(40.815956, -73.9544)	1
(40.816099, -73.937604)	1
(40.816397, -73.808943)	3
(40.816786, -73.902827)	1
(40.817104, -73.902675)	3
(40.817113, -73.81036)	1
(40.817146, -73.959631)	2
(40.817551, -73.943091)	1
(40.817647, -73.890354)	1
(40.817987, -73.936439)	3
(40.818268, -73.896715)	1
(40.818282, -73.906723)	1
(40.818348, -73.907059)	1
(40.818726, -73.937501)	4
(40.818728, -73.8503)	1
(40.818854, -73.942324)	1
(40.819071, -73.927063)	5
(40.819142, -73.900945)	1
(40.819219, -73.952895)	1
(40.819307, -73.926972)	1
(40.819391, -73.944422)	2
(40.819494, -73.901999)	1
(40.819545, -73.940618)	1
(40.819572, -73.959196)	1
(40.819918, -73.952591)	3
(40.820039, -73.94664)	1
(40.820139, -73.87626)	2
(40.820228, -73.913361)	1
(40.820379, -73.940137)	6
(40.820563, -73.822407)	1
(40.820782, -73.851007)	2
(40.820846, -73.880196)	6
(40.820973, -73.82319)	5
(40.821067, -73.937697)	2
(40.821139, -73.826134)	2
(40.821171, -73.943124)	1
(40.821197, -73.950574)	1
(40.821198, -73.935663)	7
(40.821236, -73.940183)	6
(40.821637, -73.861017)	11
(40.821646, -73.943131)	1
(40.821706, -73.94273)	5
(40.821799, -73.941519)	1
(40.821879, -73.809657)	1
(40.821896, -73.948254)	1
(40.821968, -73.945732)	1
(40.822025, -73.902173)	1
(40.822149, -73.944568)	1
(40.822175, -73.954067)	6
(40.822283, -73.876733)	1
(40.822364, -73.897858)	1
(40.822403, -73.942223)	1
(40.822559, -73.900438)	2
(40.822574, -73.821715)	1
(40.822742, -73.827496)	1
(40.822979, -73.946352)	4
(40.822988, -73.955671)	3
(40.823024, -73.938049)	5
(40.823319, -73.868149)	7
(40.823416, -73.823476)	6
(40.823437, -73.94503)	2
(40.823716, -73.902712)	1
(40.823809, -73.93751)	1
(40.823815, -73.938284)	1
(40.823831, -73.868687)	2
(40.824041, -73.926027)	1
(40.824101, -73.913576)	1
(40.824151, -73.875786)	8
(40.824189, -73.891875)	10
(40.824237, -73.892735)	1
(40.82437, -73.945531)	1
(40.824563, -73.954163)	1
(40.824671, -73.950268)	3
(40.824701, -73.923884)	2
(40.825007, -73.875481)	3
(40.825103, -73.875484)	10
(40.825414, -73.948009)	1
(40.825752, -73.923258)	1
(40.825863, -73.925913)	1
(40.825955, -73.856817)	2
(40.826251, -73.947914)	2
(40.826805, -73.935697)	2
(40.826933, -73.87973)	1
(40.826955, -73.822553)	2
(40.827043, -73.920803)	2
(40.827316, -73.880774)	2
(40.827423, -73.941113)	1
(40.827471, -73.829753)	1
(40.827531, -73.874121)	1
(40.827616, -73.877026)	7
(40.827862, -73.947863)	1
(40.828389, -73.947223)	1
(40.828475, -73.949322)	1
(40.829062, -73.942973)	4
(40.82917, -73.944743)	17
(40.829251, -73.918885)	6
(40.829385, -73.945675)	1
(40.829501, -73.937035)	1
(40.829668, -73.94639)	9
(40.829705, -73.921121)	1
(40.829745, -73.94802)	1
(40.829818, -73.913041)	1
(40.829921, -73.875678)	2
(40.829962, -73.947861)	1
(40.830157, -73.875731)	1
(40.830359, -73.913778)	3
(40.830756, -73.895634)	1
(40.831195, -73.871061)	3
(40.831266, -73.850409)	1
(40.831308, -73.943159)	1
(40.831402, -73.935649)	1
(40.831488, -73.866276)	2
(40.831938, -73.823009)	1
(40.831995, -73.888809)	1
(40.832005, -73.908709)	3
(40.83201, -73.881181)	1
(40.832014, -73.910831)	1
(40.832265, -73.942493)	4
(40.832363, -73.82462)	2
(40.832444, -73.864435)	2
(40.832452, -73.889564)	1
(40.832477, -73.906248)	1
(40.832616, -73.830246)	3
(40.832711, -73.899776)	1
(40.832732, -73.887334)	1
(40.832793, -73.916489)	1
(40.832813, -73.921811)	1
(40.832884, -73.888298)	1
(40.832934, -73.889296)	3
(40.833095, -73.909178)	1
(40.833137, -73.830378)	1
(40.833144, -73.944617)	3
(40.833413, -73.939012)	1
(40.833423, -73.941444)	1
(40.833551, -73.851459)	8
(40.833574, -73.861119)	9
(40.833651, -73.861639)	1
(40.83367, -73.856608)	5
(40.833725, -73.886765)	1
(40.833927, -73.940287)	1
(40.834165, -73.912544)	1
(40.834279, -73.941537)	1
(40.834532, -73.908348)	5
(40.834605, -73.87487)	1
(40.834913, -73.941074)	1
(40.834978, -73.888053)	1
(40.835014, -73.946451)	1
(40.835052, -73.874981)	1
(40.835072, -73.94536)	1
(40.835078, -73.90804)	6
(40.83509, -73.94889)	3
(40.835167, -73.88794)	1
(40.835224, -73.919839)	1
(40.835271, -73.923865)	4
(40.835311, -73.907906)	1
(40.835315, -73.924859)	1
(40.83543, -73.942338)	2
(40.835492, -73.907805)	4
(40.835547, -73.877973)	1
(40.835654, -73.894947)	1
(40.835676, -73.820918)	4
(40.835897, -73.859701)	2
(40.83614, -73.946251)	1
(40.83635, -73.887263)	2
(40.836368, -73.946613)	1
(40.83641, -73.836715)	6
(40.836458, -73.904016)	1
(40.836471, -73.92889)	1
(40.836478, -73.889282)	1
(40.836582, -73.91115)	1
(40.836858, -73.944372)	1
(40.836898, -73.911952)	1
(40.836924, -73.865354)	1
(40.836953, -73.928409)	1
(40.83709, -73.861386)	3
(40.837298, -73.94092)	6
(40.837333, -73.94006)	1
(40.837408, -73.914889)	1
(40.837444, -73.92328)	4
(40.837687, -73.945773)	4
(40.837837, -73.91963)	1
(40.837886, -73.942361)	5
(40.837926, -73.940482)	3
(40.837948, -73.940576)	3
(40.837989, -73.943923)	1
(40.838026, -73.942697)	1
(40.838134, -73.885145)	1
(40.838313, -73.938888)	1
(40.838398, -73.925141)	1
(40.838566, -73.913901)	4
(40.838583, -73.942036)	1
(40.838732, -73.902358)	1
(40.838858, -73.943579)	1
(40.839135, -73.848465)	5
(40.839249, -73.913448)	1
(40.839277, -73.941052)	11
(40.839511, -73.915808)	4
(40.83961, -73.836823)	1
(40.839715, -73.943242)	1
(40.839734, -73.898814)	1
(40.839989, -73.831036)	5
(40.840023, -73.888597)	1
(40.840085, -73.936743)	2
(40.840104, -73.842673)	17
(40.840232, -73.856634)	1
(40.840407, -73.912894)	2
(40.84052, -73.875235)	3
(40.840874, -73.88561)	5
(40.840921, -73.88603)	4
(40.840923, -73.82438)	4
(40.840935, -73.873008)	1
(40.84105, -73.828496)	9
(40.841095, -73.881107)	1
(40.841331, -73.915766)	1
(40.841352, -73.867929)	1
(40.841381, -73.9377)	4
(40.841388, -73.88635)	4
(40.841486, -73.882635)	1
(40.841492, -73.850397)	1
(40.841498, -73.922683)	1
(40.841544, -73.885902)	2
(40.841589, -73.884015)	1
(40.841855, -73.937887)	1
(40.841874, -73.935936)	7
(40.842088, -73.886154)	1
(40.842258, -73.886497)	1
(40.84226, -73.882366)	1
(40.842268, -73.88576)	1
(40.84233, -73.886645)	2
(40.842334, -73.880404)	1
(40.842379, -73.886743)	2
(40.842579, -73.88877)	1
(40.843097, -73.935038)	4
(40.843295, -73.935522)	2
(40.843355, -73.939509)	7
(40.843382, -73.939534)	1
(40.843391, -73.906789)	1
(40.843569, -73.882787)	1
(40.843601, -73.878854)	1
(40.843798, -73.936689)	1
(40.843846, -73.938775)	1
(40.84386, -73.862774)	1
(40.844014, -73.935251)	1
(40.844418, -73.93619)	1
(40.844456, -73.917508)	2
(40.844461, -73.934213)	3
(40.844508, -73.934328)	1
(40.844764, -73.817915)	1
(40.844764, -73.854195)	1
(40.844798, -73.881523)	3
(40.844851, -73.909805)	1
(40.844858, -73.93723)	1
(40.844869, -73.942377)	1
(40.844958, -73.939554)	1
(40.845121, -73.883785)	1
(40.845159, -73.940591)	11
(40.845329, -73.832103)	2
(40.845364, -73.934812)	3
(40.845377, -73.882108)	1
(40.845445, -73.898932)	2
(40.8455, -73.830646)	5
(40.845585, -73.881449)	4
(40.845666, -73.934591)	4
(40.845714, -73.941375)	1
(40.845784, -73.934483)	1
(40.845809, -73.865351)	2
(40.845894, -73.883155)	1
(40.846136, -73.918966)	14
(40.8462, -73.881405)	1
(40.846214, -73.905618)	1
(40.846286, -73.934139)	2
(40.846302, -73.938429)	2
(40.846331, -73.936596)	1
(40.846343, -73.884177)	1
(40.846373, -73.93669)	7
(40.846417, -73.936846)	1
(40.846497, -73.909275)	3
(40.846525, -73.935122)	1
(40.846582, -73.933369)	1
(40.846906, -73.892869)	2
(40.846957, -73.931753)	1
(40.846964, -73.938461)	5
(40.847014, -73.934391)	2
(40.847052, -73.933578)	6
(40.847079, -73.906426)	1
(40.847124, -73.858405)	1
(40.84719, -73.907355)	2
(40.847236, -73.888101)	1
(40.847305, -73.833797)	4
(40.847359, -73.882194)	1
(40.84741, -73.937228)	6
(40.847547, -73.935648)	5
(40.847724, -73.933067)	3
(40.847771, -73.934853)	1
(40.847795, -73.932243)	4
(40.848013, -73.831475)	1
(40.848077, -73.936924)	1
(40.848084, -73.934874)	1
(40.84813, -73.857412)	1
(40.848179, -73.933208)	3
(40.848209, -73.936139)	6
(40.848212, -73.933237)	1
(40.848218, -73.933291)	1
(40.848229, -73.932698)	6
(40.84824, -73.933349)	1
(40.848291, -73.93131)	2
(40.848296, -73.931274)	1
(40.848461, -73.940303)	2
(40.848491, -73.897858)	1
(40.848501, -73.831416)	1
(40.848641, -73.902972)	2
(40.84866, -73.903153)	6
(40.848683, -73.936399)	1
(40.848713, -73.934422)	1
(40.848741, -73.935777)	1
(40.848743, -73.917856)	2
(40.848866, -73.906489)	1
(40.848937, -73.912612)	1
(40.849013, -73.830366)	1
(40.849167, -73.854945)	2
(40.849218, -73.914646)	1
(40.849298, -73.935853)	3
(40.849466, -73.883539)	6
(40.849547, -73.833752)	1
(40.849601, -73.932592)	1
(40.849655, -73.936915)	1
(40.849674, -73.931663)	3
(40.849738, -73.912039)	1
(40.850013, -73.933571)	1
(40.850187, -73.930253)	1
(40.850275, -73.930459)	2
(40.850275, -73.936134)	16
(40.850288, -73.934626)	2
(40.8503, -73.935693)	19
(40.850304, -73.938516)	3
(40.850362, -73.938494)	1
(40.850575, -73.933054)	1
(40.850682, -73.937528)	9
(40.850724, -73.933361)	13
(40.850819, -73.932623)	1
(40.850846, -73.851804)	6
(40.850862, -73.903504)	1
(40.850937, -73.892342)	6
(40.85104, -73.938717)	1
(40.851117, -73.788427)	2
(40.851184, -73.886359)	1
(40.851319, -73.932988)	4
(40.851352, -73.933017)	1
(40.851358, -73.851)	4
(40.851435, -73.938095)	2
(40.851449, -73.857821)	5
(40.851653, -73.828581)	1
(40.851736, -73.927858)	1
(40.851863, -73.829423)	24
(40.851945, -73.9379)	11
(40.852009, -73.930587)	1
(40.852033, -73.905487)	1
(40.852084, -73.922436)	1
(40.852128, -73.865819)	1
(40.852141, -73.92986)	4
(40.852142, -73.919519)	6
(40.852311, -73.862702)	2
(40.852371, -73.934628)	2
(40.852442, -73.887109)	1
(40.85267, -73.864881)	1
(40.852936, -73.827345)	1
(40.852945, -73.853415)	1
(40.853212, -73.918082)	5
(40.853215, -73.927452)	1
(40.853374, -73.865776)	1
(40.853398, -73.828291)	1
(40.8534, -73.864858)	2
(40.853578, -73.902668)	20
(40.853867, -73.939268)	1
(40.853884, -73.862959)	4
(40.853944, -73.827581)	1
(40.853991, -73.858538)	2
(40.853993, -73.864817)	3
(40.854161, -73.867727)	2
(40.854164, -73.885992)	3
(40.854211, -73.885747)	1
(40.854306, -73.82929)	3
(40.854474, -73.930498)	1
(40.854487, -73.867361)	1
(40.854781, -73.933509)	1
(40.854854, -73.866692)	1
(40.854992, -73.929825)	1
(40.855062, -73.903906)	1
(40.855128, -73.886743)	1
(40.855129, -73.892841)	2
(40.85513, -73.93015)	1
(40.855188, -73.931061)	1
(40.855219, -73.866658)	2
(40.855419, -73.897984)	2
(40.855459, -73.938934)	1
(40.855488, -73.863849)	1
(40.855619, -73.914479)	1
(40.855714, -73.887884)	1
(40.855776, -73.927203)	1
(40.856014, -73.894492)	1
(40.85613, -73.905032)	2
(40.856347, -73.895854)	1
(40.856367, -73.903008)	14
(40.856407, -73.926769)	4
(40.856456, -73.914991)	1
(40.85663, -73.932672)	1
(40.856681, -73.930969)	1
(40.856688, -73.929353)	7
(40.856722, -73.888927)	2
(40.856777, -73.935835)	2
(40.856905, -73.885095)	4
(40.857059, -73.902562)	2
(40.857423, -73.932248)	2
(40.857568, -73.932172)	4
(40.857927, -73.907119)	25
(40.857934, -73.863913)	1
(40.85796, -73.862918)	1
(40.858133, -73.904057)	2
(40.858204, -73.837197)	1
(40.858578, -73.904498)	1
(40.858881, -73.855433)	3
(40.858985, -73.902429)	1
(40.859031, -73.930822)	2
(40.859089, -73.927688)	1
(40.859309, -73.902208)	1
(40.859324, -73.931237)	1
(40.859443, -73.90544)	1
(40.859573, -73.893405)	1
(40.859634, -73.930058)	1
(40.859718, -73.831228)	1
(40.859783, -73.927036)	1
(40.859967, -73.854925)	1
(40.860093, -73.898407)	6
(40.860169, -73.910269)	1
(40.860277, -73.926996)	2
(40.860462, -73.89939)	1
(40.86062, -73.904719)	1
(40.860746, -73.90038)	5
(40.860771, -73.90465)	1
(40.860796, -73.926908)	1
(40.860815, -73.901284)	1
(40.861015, -73.910347)	21
(40.861055, -73.906453)	1
(40.861185, -73.897155)	10
(40.861283, -73.929081)	1
(40.861321, -73.929106)	3
(40.861486, -73.903188)	1
(40.861526, -73.927905)	11
(40.861629, -73.903098)	1
(40.861665, -73.903072)	9
(40.86169, -73.824344)	1
(40.861762, -73.911969)	1
(40.861848, -73.869432)	8
(40.861877, -73.918737)	2
(40.861912, -73.902909)	4
(40.861968, -73.927139)	1
(40.861982, -73.92365)	2
(40.861982, -73.927171)	1
(40.862251, -73.922916)	1
(40.862267, -73.901455)	1
(40.862285, -73.89724)	1
(40.862289, -73.901466)	2
(40.86236, -73.907912)	1
(40.862699, -73.925034)	3
(40.86272, -73.900956)	4
(40.862788, -73.906784)	1
(40.863055, -73.895294)	1
(40.863071, -73.922929)	1
(40.863181, -73.922976)	1
(40.863196, -73.917416)	1
(40.863222, -73.923001)	1
(40.863351, -73.926591)	1
(40.863444, -73.926334)	1
(40.863634, -73.821678)	1
(40.863664, -73.907437)	1
(40.863721, -73.922332)	3
(40.863774, -73.825123)	2
(40.863802, -73.889826)	1
(40.863945, -73.924982)	3
(40.863951, -73.925018)	1
(40.863974, -73.89821)	3
(40.863983, -73.908658)	1
(40.864107, -73.924595)	2
(40.864151, -73.924472)	10
(40.864218, -73.926413)	2
(40.864262, -73.907873)	6
(40.864313, -73.920683)	2
(40.864371, -73.906033)	7
(40.864394, -73.908097)	18
(40.864447, -73.902038)	3
(40.864485, -73.863794)	4
(40.864522, -73.896922)	1
(40.864571, -73.919988)	2
(40.86458, -73.90749)	1
(40.864598, -73.923878)	3
(40.864847, -73.922544)	1
(40.864897, -73.919124)	4
(40.865054, -73.896545)	1
(40.865068, -73.925154)	4
(40.865132, -73.926998)	1
(40.865307, -73.921354)	6
(40.865491, -73.920851)	2
(40.865503, -73.922149)	5
(40.865575, -73.919842)	1
(40.865714, -73.886305)	1
(40.865766, -73.894624)	1
(40.86583, -73.923107)	3
(40.86593, -73.902853)	2
(40.866053, -73.892899)	1
(40.866088, -73.919187)	1
(40.866095, -73.885625)	2
(40.866554, -73.917961)	4
(40.866592, -73.89766)	1
(40.866708, -73.901395)	1
(40.86695, -73.928417)	19
(40.867189, -73.901915)	1
(40.867231, -73.925564)	1
(40.867396, -73.90062)	1
(40.867505, -73.924508)	1
(40.867667, -73.831183)	9
(40.867851, -73.920631)	11
(40.868089, -73.895499)	1
(40.868123, -73.900442)	1
(40.868247, -73.891703)	1
(40.868295, -73.919857)	1
(40.869048, -73.902982)	5
(40.869254, -73.900292)	1
(40.869257, -73.921884)	8
(40.869441, -73.852178)	1
(40.869461, -73.844325)	1
(40.869472, -73.828582)	2
(40.86978, -73.879313)	1
(40.869949, -73.87053)	4
(40.870053, -73.903107)	2
(40.870112, -73.864322)	1
(40.870175, -73.915465)	2
(40.870222, -73.864296)	2
(40.870222, -73.899639)	30
(40.870473, -73.888232)	1
(40.870556, -73.914973)	1
(40.870645, -73.899505)	1
(40.870767, -73.918158)	28
(40.870908, -73.827375)	1
(40.870974, -73.889601)	2
(40.87143, -73.849389)	4
(40.871669, -73.833317)	5
(40.872372, -73.885582)	1
(40.872778, -73.826155)	2
(40.872804, -73.854268)	1
(40.872947, -73.904448)	1
(40.87357, -73.866141)	1
(40.873794, -73.906558)	1
(40.873827, -73.826062)	4
(40.874317, -73.902631)	7
(40.874339, -73.881471)	1
(40.874541, -73.903603)	3
(40.875066, -73.865989)	1
(40.875121, -73.912461)	1
(40.875332, -73.857133)	1
(40.875404, -73.829113)	3
(40.876023, -73.907908)	2
(40.87604, -73.828761)	1
(40.876434, -73.827606)	2
(40.876558, -73.906949)	6
(40.876864, -73.861578)	2
(40.877404, -73.880713)	3
(40.877627, -73.9017)	2
(40.878429, -73.874574)	9
(40.878889, -73.87581)	1
(40.878997, -73.874595)	1
(40.879075, -73.867634)	1
(40.879467, -73.875176)	1
(40.879543, -73.908492)	1
(40.879885, -73.856386)	17
(40.880937, -73.908631)	4
(40.881017, -73.864256)	1
(40.881383, -73.903026)	8
(40.881415, -73.844684)	5
(40.882067, -73.83221)	4
(40.882911, -73.917308)	1
(40.882974, -73.898944)	1
(40.883023, -73.905233)	1
(40.88308, -73.897823)	1
(40.883115, -73.863073)	18
(40.883142, -73.833284)	1
(40.883305, -73.897739)	2
(40.883832, -73.891623)	2
(40.884022, -73.861574)	1
(40.884085, -73.846717)	1
(40.884088, -73.846721)	2
(40.884439, -73.89556)	1
(40.885555, -73.91375)	1
(40.886022, -73.865841)	1
(40.886059, -73.844799)	1
(40.886114, -73.909821)	2
(40.886429, -73.908277)	3
(40.886432, -73.904881)	8
(40.886605, -73.905622)	1
(40.886691, -73.907036)	1
(40.886962, -73.899509)	1
(40.887225, -73.904796)	2
(40.887716, -73.905175)	4
(40.889114, -73.912986)	3
(40.889629, -73.898203)	2
(40.889914, -73.914963)	9
(40.890542, -73.860146)	1
(40.890936, -73.908487)	2
(40.89162, -73.830999)	3
(40.893379, -73.916412)	1
(40.893597, -73.84773)	6
(40.894309, -73.850882)	1
(40.894911, -73.896604)	2
(40.896534, -73.901018)	5
(40.898765, -73.854019)	1
(40.899028, -73.853798)	1
(40.902318, -73.901606)	1
(40.904845, -73.910617)	4
(40.905009, -73.907133)	1
(40.9056, -73.904463)	18
(40.906308, -73.904237)	4
(40.906415, -73.90423)	6
(40.906656, -73.906827)	8
(40.907029, -73.896534)	2
(40.907312, -73.90399)	1
(40.907362, -73.903954)	6
(40.907688, -73.903888)	10
(40.909829, -73.903284)	3
