00000	34
000000	1
000000000	4
00001	8
0001	1
00010	1
00011	1
00014	4
00023	2
00036	1
00045	1
00060	1
00101	2
001100004	1
001130075	1
001130077	3
0016	1
00211	1
00218	1
00229	2
00236	1
00289	4
00307	1
00314	1
00354	1
00357	1
00361	7
00372	1
00379	1
00415	1
00628	1
00646	2
006464803	1
00712	3
00746	3
00760	1
00762	1
00769	3
00773	1
00793	1
00807	1
00830	1
00831	1
00900	1
00966	1
00979	1
00985	1
01002	1
01004	3
01006	1
01014	2
01030	1
01060	1
01075	3
01095	1
01106	1
01109	4
01110	2
01111	3
01115	5
01121	2
011234000	1
01130	1
01135	2
01136	1
01137	1
01138	1
01201	4
01224	2
01226	1
01230	10
01254	1
01262	12
01282	2
01302	1
013095	1
01311	2
01312	3
01354	1
01360	1
01375	1
01414	1
01452	4
01461	4
01469	1
01471	1
01472	1
01475	5
01504	2
01537	3
0154	2
01570	1
01581	22
01606	1
01608	1
01609	1
01701	11
01702	44
01730	2
01736	1
01740	1
01741	10
01742	2
01752	3
01760	11
01772	1
01776	1
01796	1
01801	14
01803	4
01810	5
01851	3
01852	3
01864	3
01866	1
01875	1
01879	3
01881	1
01907	2
01915	2
01945	5
01950	1
01951	3
019601328	1
01983	1
02021	35
02025	1
02026	10
02027	3
02035	2
02043	10
02062	14
02067	1
02083	8
02093	1
02102	1
02108	7
02109	72
02110	136
02111	13
02114	20
02116	217
02117	3
02118	7
02125	1
02131	2
02132	11
02138	19
02139	3
02140	26
02143	3
02145	4
02148	1
02155	2
02159	4
02162	1
02163	1
02166	1
02169	23
0218	1
02199	10
02202	3
02210	40
02222	1
02269	1
02302	3
02331	2
02332	1
02356	1
02365	1
02368	6
02370	1
02420	2
02421	2
02445	18
024455705	2
02446	4
02451	12
02453	2
02454	45
024549161	1
02458	29
02459	2
02461	28
02467	5
02472	1
02478	10
02481	22
02482	1
02485	1
02492	18
02493	5
02494	2
02575	3
02612	1
02657	3
02667	1
02703	2
02767	1
02771	5
02779	4
027791906	4
02780	1
02806	2
02807	1
02810	4
02812	1
02813	3
02817	1
02818	84
02840	54
02865	11
02886	73
02888	1
02895	110
028956146	3
02903	1
02904	2
02905	56
02906	1
02909	2
02920	9
029206032	1
02976	4
02985	2
03042	2
03055	1
03079	36
03101	1
03108	2
03222	1
03276	2
03304	1
03431	11
03458	3
03602	3
03608	1
03734	2
03755	2
03773	4
03801	15
03833	1
03842	1
03862	1
03885	1
03895	1
03948	1
04006	1
04011	2
04062	1
04074	2
04094	1
04101	18
04150	6
042252	1
04531	1
04555	1
04609	1
04623	1
04642	3
04652	1
04677	1
04752	1
04769	3
04843	1
04863	2
05155	1
05251	1
05254	1
05255	1
05257	7
05301	1
05352	1
05401	6
05403	27
05408	1
05461	1
05482	1
05602	1
056479660	1
05658	1
05672	1
05673	1
05674	6
05751	5
05818	1
06001	5
06002	1
06006	2
06010	4
06013	5
06018	3
06023	15
06032	1
06033	173
06040	1
06051	4
06052	2
06053	9
06055	2
06058	2
06067	5
06068	12
06071	1
06074	30
06082	6
06085	1
06092	2
06093	1
06098	1
06103	114
061033604	7
06105	7
06106	2
06108	6
06110	7
06114	2
06117	13
06118	20
06134	2
06150	1
06239	3
06268	2
06281	2
06325	1
06333	1
06339	4
063460028	1
06355	4
06357	8
06360	1
06371	6
06378	1
06403	1
06405	4
06409	6
06410	8
06411	1
06412	2
06418	2
06419	21
06430	53
06437	5
06443	8
06450	1
06460	5
06467	2
06468	7
06470	2
06473	3
06477	6
06480	3
06482	1
06484	5
06488	9
06489	2
06490	2
064901074	1
06492	3
06497	1
06502	5
06510	2
06511	90
06512	1
06514	5
06516	5
06519	1
06524	6
06525	12
065251717	2
06570	8
06604	3
066042423	6
06605	3
06606	1
06607	2
06610	5
06611	11
06612	9
06615	3
06680	2
06701	1
06708	1
06710	1
06716	1
06742	1
06752	2
06754	1
06755	3
06759	1
06776	25
06777	3
06783	2
06784	24
067842001	28
06785	1
06790	4
06793	1
06794	1
067982637	1
06801	1
06804	10
06807	13
06810	8
06811	9
06812	6
06813	1
06820	34
068205041	24
06821	2
06824	85
06825	14
0683	1
06830	392
06830;	1
06831	353
06832	2
06836	8
06839	1
06840	143
06850	9
06851	16
06853	4
06854	16
06855	21
06856	2
06867	1
06870	79
068702222	1
06871	1
06873	1
06877	26
06878	40
06880	102
068801106	2
06881	6
06883	6
068832325	1
06888	1
06890	30
06890203	1
06894	1
06896	8
06897	88
06899	1
06901	50
06902	148
06903	44
069035152	2
06904	1
06905	40
06906	12
06907	4
06961	1
07001	11
07002	337
070020000	1
070023909	1
07003	135
07004	66
07005	28
07006	51
07008	66
070080000	1
07009	18
07010	80
07011	17
07012	50
07013	11
070133398	1
07014	33
070141069	4
070141553	1
07015	1
07016	77
07017	12
07018	3
07020	28
07021	9
07022	6
07023	6
07024	842
070244630	1
070244988	1
070247547	1
07026	13
07027	6
07028	1
07029	5
07030	299
070305502	1
07031	24
07032	27
07033	11
07034	1
07035	3
07036	102
070360000	1
07037	2
07039	105
070390000	2
070391	1
070398234	1
07040	12
07041	27
07042	39
07043	12
07044	9
07045	14
07046	2
07047	614
070476449	1
07049	1
07050	16
07052	105
070520000	6
07052_.	1
07054	2179
07055	46
07056	1
07057	19
070571851	3
07058	5
07059	29
070592722	1
07060	12
070608	2
07061	9
07062	4
07063	3
07064	7
07065	11
07066	19
07067	13
07068	195
07069	24
07070	46
07071	49
07072	3046
07073	88
07074	7
07075	1
07076	146
070762700	1
07077	2
07078	222
07079	34
070790000	1
07080	327
07081	56
07082	22
07083	56
070836332	3
07084	2
07085	1
07086	41
070866927	1
07087	31
07088	2
07090	16
070905	1
07091	1
07092	18
07093	403
07094	512
070941515	1
07095	452
07096	83
07097	1
070979800	1
07099	1
07100	1
07101	2
07102	891
071020	1
071022321	1
071023024	4
07103	1
07104	31
071040100	1
07105	112
071054709	1
07107	4
07108	1
07109	18
07110	21
07111	213
071110545	1
07112	7
07114	25
07130	4
07152	1
07182	1
07190	2
07201	46
07202	6
07203	11
07204	51
07205	26
07206	16
07207	6
07208	16
07209	1
07210	1
07224	1
07241	1
07268	1
07285	3
07301	4
07302	791
073023118	1
073024699	2
07303	26
07304	18
07305	24
07306	132
07307	29
07309	10
07310	619
073101007	1
073101616	23
073101680	6
07311	308
073114999	5
07320	1
07331	4
07362	4
07363	1
07401	32
07405	18
07407	14
074070397	1
07410	51
07412	15
07416	2
07417	30
07419	23
07420	2
07421	2
07423	9
07424	27
07427	1
07428	2
07430	110
07431	1
07432	6
07435	12
07436	30
07440	2
07444	2
07446	41
07450	28
07451	1
07452	38
074521433	1
07454	1
07456	7
07457	1
07458	65
07462	1
07463	5
07466	1
07470	141
074707516	4
07471	4
07474	12
07480	1
07481	8
07501	6
07502	2
07503	91
07504	7
07505	2
07506	9
07508	21
07509	1
07511	6
07512	161
07514	26
07519	3
07531	1
07540	2
07549	1
07550	1
07555	1
07566	4
07572	3
07576	2
07600	2
07601	109
07601\	1
07602	2
07603	4
07604	18
07605	59
076051408	2
07606	28
07607	20
07608	40
07610	1
07620	51
076200533	2
07621	24
07624	97
07625	10
076255305	1
07626	62
07627	26
07628	17
07630	22
076300302	2
07631	303
07632	823
076321908	1
07635	1
07637	1
07640	18
07641	12
07642	31
076422740	1
07643	31
07644	43
07645	168
07646	16
07647	224
07648	46
07649	19
07650	46
07652	867
076520910	3
076525103	1
07652`	1
07653	53
07656	27
07657	32
07660	22
07661	45
07662	29
07663	56
07666	409
07670	119
07675	132
07676	28
076765122	2
07677	22
07681	5
07683	1
07684	1
077002	4
07701	231
077015009	2
07702	11
07704	16
07710	8
07711	35
07712	21
07718	10
07719	125
07720	6
07721	2
07722	46
077220000	1
077221409	1
07723	25
07724	182
077242200	1
077243317	1
07725	1
07726	153
077260000	7
077263631	1
07727	6
07728	159
077280000	1
077286924	1
07730	29
07731	40
07732	5
07733	173
077330000	17
077332530	2
07734	2
07735	7
077350000	1
07736	2
07738	13
07739	1
07740	9
07741	2
07743	1
07744	1
07746	124
077460000	4
077462120	3
077462121	1
077462433	2
07747	121
077470000	4
07748	29
07750	3
077501007	1
07751	96
077510000	1
077514649	6
077519525	1
07753	22
07755	31
07757	9
07759	1
07760	18
077600000	1
07762	12
07764	15
07771	4
07772	1
07773	1
077733	3
07779	1
07795	2
07801	8
07802	1
07805	1
07821	1
07823	3
07824	1
07826	5
07827	10
07828	2
07830	7
078310	1
07833	4
07834	6
07836	2
07840	4
07843	2
07849	6
078526209	3
07853	8
078530000	1
07856	1
07857	5
07860	55
07866	10
07869	12
07870	1
07871	8
07876	3
07882	2
07901	31
07902	30
07906	7
07920	100
07921	741
07922	9
07924	1
07927	2
07928	10
07931	14
07932	154
07933	2
07934	1
07936	34
07940	26
07940-10	1
07944	1
07945	46
07946	2
07948	6
07949	1
07950	11
07960	354
07961	2
07962	97
079621935	6
079630351	2
07970	3
07974	28
07980	6
07981	1
08000	1
08002	1
08003	9
080035159	1
08005	9
08008	8
08009	2
08010	11
08012	2
08016	5
08019	3
08034	30
080345400	1
08043	23
08046	1
08048	7
08050	12
080502890	1
08053	36
08054	130
08055	2
08057	4
08060	1
08062	1
08063	1
08070	1
08075	3
08077	7
08080	46
08081	1
08085	1
08087	4
08090	1
08092	1
08094	1
08096	8
08101	1
08201	1
08210	1
08215	5
08234	2
082344864	1
08251	1
08302	3
08310	1
08330	5
08401	1
08406	3
08427	1
08501	2
08504	1
08505	2
08508	4
08510	11
08512	11
08514	1
08520	25
08524	1
08525	2
08527	84
08528	3
08530	1
08534	4
08535	5
08536	7
08537	1
08540	105
08542	91
085424601	1
08543	3
08550	87
085502420	1
085503528	1
08551	3
08552	1
08553	10
08554	1
08557	1
08558	31
08559	4
08577	1
08585	1
08610	1
08611	7
08619	12
08622	1
08638	1
08648	6
086509800	1
08652	1
08690	5
08691	9
08701	509
087013333	1
087017512	3
08722	1
08723	13
08724	4
08730	1
08731	106
08735	1
08736	14
08738	7
08741	1
08742	2
08750	5
08753	12
08755	12
087550856	1
08757	3
08759	8
08770	1
08784	1
08800	1
08801	5
08802	2
08803	1
08805	1
08807	41
088076817	4
08810	6
08812	13
08816	61
08817	286
08818	81
08820	92
088200000	4
088201401	1
088201806	1
08822	21
08823	1
08824	5
08827	3
08830	102
088300000	2
08831	210
088310000	9
088318805	1
08833	8
08834	2
08836	2
08837	146
088372844	1
08840	22
08844	30
088440000	2
08846	1
08850	7
08852	16
08853	38
08854	58
08855	4
08857	37
088570000	1
08858	11
08859	9
08861	19
08863	6
08869	6
08872	7
08873	23
08875	2
088755850	1
08876	25
088763733	2
08879	8
08880	2
08882	30
08884	4
08886	1
08889	13
08901	4
08902	76
08904	11
089042701	5
08960	1
09004	8
09026	1
09079	3
09080	1
09093	2
09124	1
09292	1
09453	1
09701	5
09742	1
097632	1
09851	1
09865	2
09909	1
1	10
1--19	2
100	9
100 4	1
1000	5
10000	369
100000	2
100000000	2
100001	7
100002	3
100003	5
100004	2
100007	2
10001	33350
10001....	1
100010	4
100010000	3
100010003	1
100010016	2
100010035	2
100011	4
100011904	4
100012	3
100012115	81
100012519	1
100012601	1
100012813	1
100012886	3
100013	4
100013015	1
100013051	2
100013306	1
100013635	4
100013900	1
100014	1
100014010	2
100014105	1
100014146	4
100014191	1
100014212	4
100014423	1
100014608	4
100015006	1
100015012	3
100015232	2
100015304	1
100015926	1
100015992	2
100016	1
100016008	2
100016109	1
100016409	2
100016502	3
100016708	1
100016813	1
100016905	2
100017	9
100017708	1
100018	12
100019	11
100019998	2
10002	12376
100020000	2
100021	1
100021058	1
100021201	2
100021678	2
100022	5
100022245	1
100022410	1
100022802	2
100022811	7
100023	6
100023165	1
100023951	1
100024	2
100024417	1
100024521	1
100024900	2
100024938	1
100024952	1
100025	2
100025083	1
100025463	2
100025516	1
100025550	1
100026	1
100026707	2
100027014	1
100027106	2
100027537	1
100028	6
10003	28962
100030000	1
100031205	1
100031239	3
100031304	2
100031402	55
100031420	1
100031479	1
100031503	109
100031604	1
100031752	1
100031943	1
100032138	1
100032139	1
100032178	2
100032537	1
100032893	1
100033138	2
100033303	3
100033386	3
100033451	2
100033502	8
100033598	1
100033635	14
100033912	1
100033922	2
100034	2
100034139	2
100034398	1
100034603	1
100034804	1
100035329	4
100036	11
100036151	1
100036154	3
100036811	6
100038	9
100038148	1
100038336	1
100038546	1
100039005	1
10004	8417
100041303	4
100041479	20
100042413	1
100042498	19
100042501	3
100042515	1
100044300	3
100047418	1
10005	6659
10005.	2
100051801	1
100051987	2
100052800	1
100052818	1
100052858	1
100053904	1
10006	5887
100061404	1
100061500	1
100061824	2
100062210	2
100063267	6
100063729	41
10007	26245
100070000	1
100071073	1
100071234	1
100071307	1
100071602	3
100072002	1
100072122	3
100072152	1
100072601	2
100072831	1
100072903	5
100072919	265
100073100	2
100073665	1
100073799	2
100074	1
100075700	3
100076	1
10008	424
100080	1
100080133	1
100081668	1
10009	6843
100094024	1
100094444	1
100094507	1
100095149	2
100096008	1
100096102	1
100096412	4
100096689	1
100096912	2
100098106	2
10009N	2
1001	31
10010	15963
10010035	1
100101	1
100101026	1
100101505	2
100101710	1
100101824	2
100102007	1
100102011	1
10010212	1
100102313	1
100102906	1
100103601	1
100103603	1
100104298	1
100104501	1
100105413	2
100105509	1
100105901	1
100106033	5
100106212	3
100106801	1
100106902	1
100107220	1
100107812	1
100107999	3
100108	1
100108183	3
100108221	1
10011	21527
100110019	1
100110021	1
100111	4
100111253	3
100111908	1
100112	5
100112142	1
100112328	1
100112515	1
100112683	1
100112812	2
100113110	2
100114402	1
100114502	1
100114624	1
100114924	2
100115020	2
100115201	3
100115403	5
100115450	2
100115471	1
100115501	4
100115702	1
100116310	2
100116805	1
100116820	1
100117301	1
100117828	1
100118	1
100118306	1
100118388	3
100118411	4
100118601	3
100118602	2
100118701	2
100118838	2
100118856	1
100119	2
100119003	4
100119024	2
10012	20030
100120484	1
100121	3
100121019	3
100121112	1
100121133	1
100121137	3
10012126	1
100121293	1
100121451	1
10012212	1
100122124	1
100122317	7
100122504	2
100122927	1
100123154	1
100123163	1
100123231	1
100123255	1
100123305	6
100123351	3
100124203	2
100124228	1
100124406	2
100124408	2
100128	4
100129	1
10013	24970
10013.	1
100130	1
100130000	1
100130873	1
100131374	4
100132041	2
100132435	2
100132498	3
100132513	1
100132901	2
100132957	1
100133107	1
100133109	2
100133112	1
100133136	2
100133221	1
100133340	4
100133610	1
100133675	1
100134	1
100134521	1
100134756	2
100135119	2
100135559	1
100138	1
10014	13079
100140	1
100140001	1
100141001	12
100141002	2
100141004	1
100141251	1
100141405	1
100141535	1
100141558	2
100141859	3
100142014	1
100142042	3
100142126	1
100142202	2
100142619	2
100142621	2
100142678	1
100143207	1
100143233	15
100143272	2
100143401	1
100143736	1
100143841	1
100143902	2
100143926	1
100144010	1
100144057	1
100144502	2
100144831	1
100145002	5
100145102	1
100146124	1
100146205	1
100146326	3
100146907	1
100147200	1
100147804	3
10015	383
10016	41962
100160000	14
100160003	1
100160200	1
100160301	1
100160615	1
100160914	1
100160958	1
100161001	2
100161101	5
100162	1
100162106	10
100162125	5
100162203	11
100162204	8
100162401	2
100162805	1
100162807	2
100162818	2
100162820	1
100162901	1
100163	1
100163306	1
100163405	1
100163700	3
100163902	1
100163903	2
100163912	9
100163998	2
100164859	5
100164976	1
100165	2
100165000	1
100165300	4
100165329	1
100165339	7
100166351	3
100166401	2
100166497	1
100166819	1
100167303	2
100167474	1
100167943	1
100168108	2
100168344	1
100168410	1
100168808	1
100168942	1
10017	55677
100170	1
100170000	1
100170037	1
100171	2
100171001	2
100171014	1
100171111	2
100171921	1
100172014	6
100172070	3
100172084	5
100172414	1
100172512	1
100172513	3
100172615	1
100172643	1
100172906	1
100172988	2
100173425	1
100173500	1
100173808	2
100173888	16
100174087	7
100174089	2
100174146	24
100174179	3
100174201	1
100174403	2
100174661	1
100174917	1
100175404	1
100175405	34
100175529	6
100175617	13
100175700	6
100175704	14
100175806	21
100176318	2
100176754	16
100176819	1
100177928	1
100178167	2
100178543	1
10018	29767
100180800	1
100180829	1
100180891	1
100181001	1
100181681	1
100181801	1
100182260	2
100182706	23
100183	1
100183011	1
100183045	1
100184502	1
100185258	1
100185401	1
100185705	1
100186229	2
100186260	2
100186354	7
100186523	2
100186556	1
100187566	1
100189	2
100189420	1
10019	59090
100190	1
100190000	2
100190098	2
100190118	2
100191	3
100191001	5
100191008	1
100191104	4
100191105	1
100191118	1
100191423	1
100191442	1
100191457	1
100191506	1
100191511	1
100191562	1
100192143	1
100192925	37
100192985	4
100193	1
100193300	10
100193412	31
100193800	3
100194001	1
100194315	7
100194403	2
100194800	3
100195094	22
100195151	2
100195200	5
100195220	1
100195401	1
100195404	1
100195414	4
100195502	2
100195900	6
100196001	1
100196002	1
100196099	2
100196100	3
100196102	8
100196173	2
100196178	7
100196698	3
100198200	9
100198420	1
100199	1
10019\	3
1002	18
10020	3852
100201006	14
100201095	2
100201132	1
100201701	1
10021	25483
100210	1
100210026	1
100210039	1
100210071	1
100210150	1
100211	2
100211002	1
100211020	3
100211164	1
100211719	1
10021212	1
100212419	1
100212712	1
100212740	1
100212760	1
100213	2
100213132	1
100213138	1
100213518	1
100214105	1
100214170	1
100214322	1
100214395	1
100214574	1
100214907	1
100214941	5
100214944	2
100215007	1
100215259	1
100215704	1
100215706	1
100216361	2
100216399	1
100216654	1
100217286	2
100217332	1
100218165	3
100219	1
10022	65069
100220	1
100220000	2
100220002	1
100221	1
100221010	1
100221106	1
100221108	1
100221202	1
100221302	8
100221304	3
100221379	1
100221503	3
100221833	1
100221939	4
100222	1
100222001	1
100222141	1
100222197	3
100222267	1
100222405	2
100222411	2
100222519	3
100222549	1
100222822	1
100223042	2
100223204	33
100223205	1
100223211	1
100223505	1
100223540	9
100224	2
100224112	2
100224147	1
100224209	6
100224212	1
100224213	8
100224303	2
100224304	1
100224512	1
100224608	1
100224834	1
100224986	17
100225	3
100225616	1
100226000	1
100226113	1
100226222	1
100226445	3
100226771	3
100226903	2
100227661	26
100227819	1
100228011	2
100229440	2
100229501	1
10022LILI	1
10023	20217
10023.	5
100230000	1
100231002	1
100231501	1
100231736	1
100232200	1
100232301	1
100232901	5
100233235	2
100233500	1
100233703	1
100233801	1
100234	1
100234005	1
100235503	2
100235802	1
100235882	3
100235915	1
100235928	2
100236583	1
100236610	2
100236728	1
100237035	2
100237088	1
100237204	2
100237402	1
100237606	9
100237703	2
10023\	1
10024	12029
100240219	1
100241001	1
100241326	2
100241513	2
100241732	1
100241752	1
100242219	2
100243	1
100243545	1
100243637	2
100243671	1
100243837	2
100244532	2
100244803	2
100245701	3
100245934	2
100246025	1
100246605	1
100246642	1
10025	9247
100250054	1
100251747	1
100251898	2
100252	2
100252759	1
100252956	18
100253	1
100253181	21
100253539	1
100253908	1
100254456	1
100254474	2
100255022	3
100255288	1
100255400	1
100255860	2
100257343	2
100257355	1
100257510	3
100257514	1
100259313	1
10025\	1
10026	2073
1002611	1
100262500	2
100262520	1
100262521	1
100262928	1
100263819	1
100264270	3
10027	9545
100270000	1
100270191	2
100272125	1
100273707	5
100273827	4
100273916	1
100274689	3
100274711	10
100274803	1
100275123	4
100275136	1
100275170	2
100275400	1
100275510	2
100275534	3
100275543	1
100275546	2
100276187	1
100276254	1
100276308	1
100276909	1
100277125	27
100277802	1
100277803	1
100277804	1
100278	2
10028	9353
100280016	1
100281031	1
100281061	2
100281068	1
100281901	3
100282000	2
100282096	1
100282167	1
100283901	3
100285701	1
100286	1
100287	1
100287309	2
100287363	1
100287902	3
10029	5430
100290000	1
100291002	1
100292267	1
100292937	2
100293320	1
100293543	1
100294006	3
100294171	2
100294651	1
100295611	1
100296474	3
100296501	4
100296574	13
100296810	5
1003	26
10030	1203
100300602	1
100301331	1
100301407	1
100301656	1
100301976	1
100302104	1
100302105	1
100302219	1
100302411	1
100302606	1
100302746	1
100303418	2
100306	1
10031	2358
100311101	2
100314802	1
100315203	1
100315302	1
100316402	2
100316403	1
100316614	2
100316732	1
100317727	1
100318616	1
10032	3733
100321	1
100321040	1
100326201	1
10033	3258
100330595	2
100331144	1
100332050	1
100332069	1
100335015	1
100336739	1
10034	1299
100341901	1
100342502	1
100342812	1
100344604	1
10035	2525
100351536	1
100351571	1
100352021	4
100357858	1
100358	1
10036	32501
100361412	2
100361424	3
100361503	2
100361517	1
100361912	2
100362304	9
100362336	1
100362604	1
100362859	3
100363301	1
100363303	2
100364015	1
100364086	2
100364123	1
100364603	1
100364905	2
100366451	1
100366645	12
100366715	110
100367	1
100367414	8
100367703	1
100368299	1
100368502	5
100368517	1
100368621	2
100368701	5
10037	861
100373704	1
100378	1
10038	33286
100380000	3
100381	1
100381003	14
100381013	2
100381027	2
100381619	116
100381715	1
100382125	3
100382304	2
100382500	1
100383427	1
100383901	3
100384000	1
100384396	1
100384811	1
100388	2
10038\	1
10039	844
100393104	1
100393302	1
100393311	1
1004	5
10040	896
100401406	1
100401420	1
10041	1298
10042	20
10043	107
10044	349
100440058	1
10045	34
100456	3
10046	23
10047	13
10048	74
10049	10
1005	4
10050	45
10051	13
10052	11
10053	18
10054	17
10055	45
10056	19
10057	4
10058	7
10059	3
1006	11
10060	6
100601	2
10061	8
10062	16
10063	10
10064	11
10065	9914
100650000	2
100650278	3
100652618	1
100654870	1
100655805	2
100655827	2
100655853	14
100656001	2
100656158	1
100656307	1
100656550	1
100656650	3
100656691	4
100657013	1
100657033	1
100657205	2
100657210	1
100657253	1
100657270	1
100657286	8
100657367	1
100657380	2
100657401	1
100657614	1
100657705	1
100657755	1
100658001	4
100658017	2
100658099	2
100658116	2
100658140	1
100658165	28
100658194	1
100658401	3
100659308	1
10066	11
10067	5
10068	20
10069	612
100690801	1
1007	20
10070	24
10071	5
10072	1
10073	9
10074	12
10075	2478
100750000	3
100750191	1
100750709	1
100750914	1
100751007	1
100752230	1
10076	14
10077	10
10078	21
10079	5
1008	2
10080	192
10081	344
100816500	1
10082	1
10083	13
10084	4
10085	3
10086	1
10087	6
10089	2
1009	6
10091	9
10093	2
10094	15
10095	5
10096	2
10097	3
10099	2
100O7	1
101	9
10100	18
10101	70
101010	3
101019	1
10102	16
101022	2
10103	2133
101030001	12
10104	1125
1010461	1
101046178	143
10105	122
10106	1512
10107	783
101072312	1
101078	10
10108	31
10109	47
1011	9
10110	1337
101100001	8
101100002	1
101102402	1
101108	1
10111	5060
10112	699
10113	53
101131540	1
10114	4
10115	279
101150028	2
101155	1
10116	172
101163030	1
10117	49
10118	2236
101184810	1
101185999	2
10119	3214
101190018	4
101190098	80
101190698	1
101191599	1
101193595	1
101194199	1
101199	1
1012	1
10120	721
101202115	2
10121	466
101211201	1
10122	409
10123	1808
101231401	1
10124	12
10125	46
10126	21
10127	24
10128	7509
101280000	1
101280020	1
101280603	1
101280607	2
101281237	3
101281239	2
101281243	1
101281248	2
101281331	1
101281599	3
101281733	1
101282204	1
101282508	1
101282567	1
101283705	1
101283711	1
101285515	2
101285547	2
101285800	2
101286024	1
101287062	1
101287803	1
10129	17
10130	2
10132	3
10133	2
10134	5
10135	1
101353	1
10136	15
10138	5
10139	1
1014	1
10140	21
10141	18
10142	4
10145	26
10148	2
10149	1
10150	140
101501197	1
10151	932
101510099	1
101511250	1
10152	378
101520110	1
10153	1308
10154	6700
101540004	6
10155	1523
101550002	3
101552123	3
101552798	2
101555	2
10156	130
101561851	1
10157	3
10158	188
101581899	2
10159	49
101591142	1
1016	5
10160	63
10161	1
10162	7
10163	124
10164	2
101645	1
10165	2625
101650006	2
101650150	1
101653003	1
101653109	2
10166	1520
101660396	1
10167	683
101670094	10
10168	837
101680002	1
101682711	1
10169	2220
101690095	4
1017	4
10170	9611
101700002	4
101700499	1
101700900	3
10171	2532
10172	2437
101720003	2
10173	254
10174	729
101740208	1
10175	669
101751804	2
10176	552
101760001	1
101760078	1
101762901	1
10177	318
10178	501
10179	75
1018	1
10180	3
10181	2
10182	1
10184	1
10185	23
10188	6
1019	2
10192	1
10199	9
10200	55
10201	34
10202	1
10203	1
10204	1
10205	8
10206	2
10207	7
10208	8
10209	9
1021	1
10210	6
10211	2
10213	4
10214	6
10215	10
10216	1
10217	6
10218	21
10219	2
1022	9
10220	3
10221	5
10222	99
10224	2
10227	6
10228	2
1023	1
10230	2
10231	1
10233	2
10234	1
10235	2
10237	9
10238	1
10245	2
10249	3
1025	2
10253	1
10254	1
10255	1
10257	1
10258	2
10260	7
10265	1
10266	1
10267	1
10268	13
102681406	2
1027	2
10270	236
10271	52
102710015	2
10272	47
10274	38
10276	53
102760183	1
102761250	1
10278	467
10279	313
1028	1
10280	592
10281	3034
102810648	3
102811003	3
102811021	31
102811023	15
102811097	3
10282	630
10283	1
10285	415
10286	463
10288	1
10289	1
10296	1
10297	2
103	3
10300	34
103005	1
10301	5128
10301.	1
103010	1
103010000	29
103010306	1
103011105	1
103011131	2
103011716	2
103011858	1
103012	2
103012023	1
103012654	1
103013057	1
103014205	3
103014237	1
10302	2246
103020000	26
10303	2002
103030000	80
103031	1
10304	6585
103040000	39
103041260	4
103042140	1
103042217	1
103042409	1
103042724	1
103042751	1
103043002	2
103043005	1
103044925	1
10305	8479
103050000	178
103051219	1
103052109	1
103052661	2
103052724	6
103053112	1
103053900	1
103054202	2
103054899	1
103056	1
10306	9893
103060000	187
103061342	1
103061411	1
103061933	2
103062115	1
103063004	1
103064260	2
103064953	2
103065235	1
103065414	1
103065736	1
103065743	1
103065924	2
103067777	1
10306`	1
10307	3677
10307.	1
103070000	91
103071349	1
103072018	1
103079030	1
10308	4114
103080000	135
103081415	1
103082414	20
103083322	1
10309	8692
103090000	708
103090086	2
103090322	1
103091119	1
103091769	1
103091913	2
103092327	2
103093613	1
10310	3038
103100000	43
103101950	2
103102309	1
103103032	1
10311	12
103110000	1
103112	1
10312	11141
10312.	1
103120000	239
103121407	1
103121522	1
103121626	1
103122831	1
103124123	1
103125827	5
10313	122
10314	14874
103140	1
103140000	384
103140023	8
103141695	1
103143309	1
103145036	2
103145260	1
103145527	1
103145678	1
103146008	1
10314R	1
10315	14
10316	5
10317	5
10318	4
10319	4
10320	1
10322	3
10324	1
10325	1
10328	1
10329	1
10330	7
103305	1
103306	1
10331	9
10334	2
10335	1
10336	17
10338	1
10340	1
103405	1
10341	4
10344	1
10345	1
10346	2
10347	1
1035	2
10350	5
10352	1
10353	5
10354	10
10355	5
10356	1
10357	4
10358	3
103583058	2
1036	1
10360	4
10361	1
10362	1
10363	2
10364	2
10365	5
10366	1
10367	2
10368	3
10369	1
10370	4
10371	4
10373	1
10375	5
10377	4
10378	7
10385	1
10386	1
10391	1
10394	2
10399	2
104	1
10400	41
10401	19
10402	3
10403	5
10404	6
10405	13
10406	9
10407	7
10408	3
10409	2
10410	4
10411	2
104112	1
10412	12
104121811	1
10413	1
10414	3
10415	4
10416	9
10417	2
10418	9
10419	13
10420	6
10421	12
10422	3
10423	3
10425	7
10426	6
10427	7
10428	4
10429	1
10430	16
10431	4
10432	11
10433	4
10434	4
10435	7
10436	9
10437	68
10438	10
10439	2
10441	1
10443	1
10444	2
10445	6
10446	6
10447	3
10450	24
10451	2114
104514209	3
104515153	3
10452	1776
104528	1
10453	1878
104531815	1
104532201	2
104536801	3
104537692	4
10454	2026
104540000	3
104541116	1
104541723	3
104542023	1
104542103	1
10455	1758
104551	1
104551722	1
104553107	1
10456	2256
104561045	1
104562	14
104562103	1
10457	5348
104571045	1
104571206	2
104572594	6
104577188	1
10457\	1
10458	3968
104583001	1
104583011	1
104583708	1
104585126	2
104585138	1
104585149	1
104585175	2
104586701	1
104587105	1
104588742	1
104589476	1
104589993	1
10459	1725
104592608	1
104593635	1
104594507	1
10460	2522
104601046	1
104601099	2
104601419	1
104603201	1
104603254	3
10461	6243
104611213	2
104611419	5
104612411	1
104612736	20
104612738	1
104614617	1
104616106	1
104619476	2
10461NY	1
10462	5388
104620387	2
104622	1
104623522	1
104624297	9
104624805	2
104625319	1
104626207	2
104627168	1
104628000	1
10463	4670
104631126	2
104633617	1
104633901	2
104635500	2
10464	866
104641	1
104641316	2
104645	1
104646317	6
10465	4179
104650000	4
104651118	1
104651137	1
104651252	1
104651271	1
104651702	1
104652880	1
104656301	2
10466	4168
104661809	4
104662232	2
10467	4338
10467'	1
104672490	1
104672981	2
104674004	1
104679476	1
10468	1922
104681958	1
104683001	23
104683552	1
104685206	2
10469	4381
104691442	1
10469210	1
104692502	1
104692620	1
104693025	2
104693107	1
104694603	1
104695220	1
104695240	1
104695408	2
104696427	1
1047	1
10470	1216
104701	1
104701322	1
104701422	1
10471	3587
104710048	1
104710126	1
104710403	15
104711046	1
104711093	2
104711200	2
104711225	13
104711233	2
104711501	1
104711716	1
104711807	1
104711817	1
104711910	1
104712043	1
104712108	1
104712602	2
104712999	1
104714800	3
10472	3182
104722902	1
104723021	1
104723103	2
104724415	1
10473	6084
104730070	1
104731211	2
104734299	1
104734914	2
104739394	1
10474	3298
104746805	2
10475	1165
104751	1
104754728	1
10476	23
10477	11
10478	26
104785	4
10479	58
10480	55
10481	2
10482	1
10483	9
10484	5
10485	1
10486	3
10487	20
10488	1
10489	2
1049	1
10491	3
10492	1
104923364	1
10494	1
10495	2
10496	4
10497	1
10498	1
10499	2
10501	7
10502	122
10503	8
10504	101
10505	23
10506	50
10507	87
105071219	1
10508	19
10509	73
105090009	1
105099808	1
10510	137
105101414	1
10512	46
10513	1
10514	55
10516	24
10518	2
10519	9
10520	50
10521	2
10522	103
10523	541
105232413	1
10524	7
10526	7
10527	5
10528	620
105281635	2
10529	1
1053	1
10530	1946
105300722	1
10532	474
10533	24
10534	2
10535	27
10536	84
105363800	3
10537	1
10538	1580
105381626	1
105383048	1
105383058	16
10540	2
10541	73
10542	2
10543	476
105434207	1
10545	31
105454	1
10546	18
10547	6
10548	6
10549	237
105490660	1
105493635	1
1055	1
10550	2339
105500	1
10551	12
10552	103
10553	1364
105532	1
105537215	1
10554	1
10555	1
10556	8
10557	2
10558	1
1056	1
10560	41
10561	22
10562	133
105628	1
10563	4
10565	6
10566	13
10567	89
10568	5
10569	1
1057	1
10570	119
10571	6
10572	1
10573	507
105732828	2
105733351	1
105734674	1
10575	5
10576	98
10577	388
10578	4
10579	12
10580	546
105801451	4
105801910	2
10581	6
10582	3
10583	1411
105833907	1
105835152	2
10584	3
10585	26
10586	3
10588	4
10589	23
10590	36
10591	340
10592	1
10593	4
10594	30
10595	59
10596	9
10597	1
10598	237
10600	2
10601	892
106011911	5
10602	41
106021679	1
10603	195
10604	346
10605	973
106051317	1
106053409	1
10606	584
10607	85
10608	16
10609	5
10610	1
106109991	5
10611	1
10615	16
10619	1
10623	2
10630	3
10638	5
10641	2
10642	31
10643	3
10646	4
10647	1
10648	3
10649	2
1065	1
10650	1
10655	3
10659	8
10660	1
10661	3
10677	1
10684	1
10688	1
10691	1
10693	2
10700	3
10701	1059
107010000	1
10702	16
107020847	2
10703	386
10704	1028
107041855	1
107044116	1
107044335	1
10705	1145
10706	61
10707	356
107071070	1
107072216	1
10708	563
107087013	1
10709	242
1071	1
10710	506
10714	1
10716	1
10717	3
10720	3
10725	2
10726	4
10734	1
10740	4
10741	10
10742	2
10744	1
10745	2
10753	2
10759	2
10760	2
10761	4
10762	1
10767	1
10768	1
10770	2
10773	1
10774	1
10779	1
10781	1
10784	2
10795	5
10801	2392
108013400	1
108015236	1
10802	8
10803	375
108038490	1
10804	223
10805	152
10806	5
10807	2
10808	3
10809	1
10810	3
10811	1
10812	5
10816	1
10828	1
10833	3
10840	1
10841	1
1085	1
10853	3
10859	2
10860	2
10894	1
10900	1
109001	1
10901	164
10903	5
10904	3
10905	2
10910	2
10911	1
10912	2
10913	26
10914	7
10916	3
10917	9
10918	9
10920	16
109202139	1
10921	39
10922	2
10923	7
10924	5
10925	4
10926	18
10927	8
10928	4
10929	1
10930	7
10940	16
10941	18
10945	1
10947	6
10949	41
10950	192
10952	543
109520215	2
109522610	2
109523331	1
10953	2
10954	120
10955	1
10956	225
109561210	1
109566256	2
10957	1
10958	2
10959	3
10960	165
10961	2
10962	50
109622104	1
10964	33
10965	67
109651142	3
109651502	1
10966	2
10967	1
10968	4
10970	56
10974	6
10976	5
10977	267
10980	7
10982	47
10983	43
10984	3
10985	4
10987	13
10989	39
10990	29
10992	4
10993	7
10994	259
109941739	3
109942902	1
10998	1
10III	1
11	9
11000	16
110001	1
11001	3935
110011	2
110011126	1
110011423	1
110011515	3
110011803	1
110012711	16
110017	17
110018	1
11002	73
110021	4
110023	1
110025	2
110027	1
110028	1
11003	529
110031	1
110032816	1
110034031	3
110036	1
11004	2574
110041210	10
110041620	14
110044	1
11005	130
11006	20
11007	10
11008	4
11009	5
1101	3
11010	287
11011	49
11012	46
110121247	1
11013	28
11014	15
11015	2
11016	52
110160205	2
11017	22
11018	35
11019	41
1102	1
11020	662
110201	5
110201405	1
110201627	2
11021	8858
110210000	1
110210213	5
110211247	1
110211430	2
110212213	1
110212640	1
110213000	1
110213044	1
110213104	1
110213108	1
110213760	1
110214029	2
110214209	1
110214300	1
110214445	1
110214803	2
110214805	1
110215030	1
110215102	5
110215107	1
11021\	1
11022	281
11023	1550
110232016	1
110232206	2
110234019	1
110234128	1
11024	1108
110241416	1
110241503	1
110241905	2
110242003	2
11025	13
11026	35
11027	30
11028	35
11029	47
110293002	1
11030	2383
110301806	1
110301957	1
110302142	2
110302230	4
110303224	2
110303530	3
110303611	1
110303705	1
110303945	1
110304031	3
110307	2
110309878	3
11031	16
11032	17
11033	4
11034	13
11035	35
11036	54
11037	2
11038	41
1104	2
11040	3097
110401211	1
110401708	1
110402	4
110402036	1
110402217	2
110404105	1
110404710	1
110408545	4
11041	5
11042	2504
110420020	4
110421011	4
110421032	3
110421081	2
110421205	1
110425031	1
11043	11
11044	6
110440	2
11045	3
110452	1
110455	1
11046	5
110463	1
11047	9
11048	4
11049	1
1105	3
11050	880
110500105	1
110501616	1
110503512	1
11051	17
11052	1
11053	13
11054	1
11055	6
11056	5
11057	2
1106	1
11062	1
11063	2
11064	1
11065	10
11066	2
11068	4
11069	1
11071	2
11072	1
11073	3
11074	1
11075	9
11076	1
11080	1
11081	4
11083	4
11086	2
11092	8
11093	2
11095	1
11096	173
11097	1
11098	1
111	1
1110	3
11100	18
111001	1
111002	1
1110029	1
11101	54732
111010	1
111010000	5
111010402	1
111011042	1
111011154	2
111011606	2
111011702	1
111011730	1
111011801	1
111011802	1
111011804	2
111011950	3
111012002	1
111012018	1
111012112	1
111012115	1
111012211	1
111012392	1
111012616	2
111012908	2
111013045	804
111013693	1
111014003	2
111014106	2
111014107	1
111014132	6
111014312	2
111014408	2
111014705	1
111014708	4
111014835	3
111014924	2
111015000	1
111015001	5
111015018	2
111015306	4
111015319	3
111015605	1
111015726	1
111015832	2
111016815	3
111016816	3
111017076	18
111017094	1
111017187	2
111017879	1
111018000	1
11101\	1
11102	3902
111020000	1
111021	1
111021128	1
111021139	1
111022444	1
111023	1
111023249	1
111023435	1
111023843	2
111023941	1
111025021	1
11103	5432
111031112	2
111033331	1
111033332	1
111034004	1
111034006	1
111036122	4
111037625	1
11104	1533
111040632	3
111041220	1
111043163	1
111043305	1
111043920	1
111044106	1
111045217	1
11105	5097
111051804	1
111052011	1
111052014	1
111052017	1
111052101	2
111052107	2
111052501	1
111052710	1
111052899	5
111052932	1
111053101	1
111053201	1
111053515	1
111055516	2
11106	4379
111060000	5
111060172	2
111061011	1
111061206	1
111061334	3
111061801	1
111062531	1
111062649	1
111063208	3
111063405	1
111064035	1
111064405	1
111064528	1
111064903	1
111065107	2
111065121	1
11107	21
11108	14
11109	169
111095641	1
1111	1
11110	338
111102	1
111103	1
111104	1
111105	1
11111	482
111111	3
111111111	3
11112	9
1111221	1
11113	7
1111357	3
11114	9
1111427	3
11115	1
11116	2
1111692	2
11118	4
11120	170
111201	3
111201600	1
111204	2
111208	4
111209	2
11121	51
111210	1
111211	2
111213	2
111215	2
111219	3
11122	48
111222	1
111228	3
11123	23
111230	3
111232	1
111235002	1
11124	1
11125	5
11126	5
11127	1
11128	6
11129	4
11130	4
11131	2
11132	2
11133	2
11134	3
11135	12
111354	1
111357	1
11136	21
111360	2
111366	2
111367	1
11137	11
111373	1
111374	1
111375	2
111377	2
111378	1
111379	1
11138	6
11139	2
11140	3
11141	11
111412304	1
111415	1
111417	2
111418	1
11142	17
11143	12
111432	2
111434	2
111435	1
11145	1
11146	1
11148	3
11149	4
1115	1
11150	8
11151	4
11152	1
11153	1
11154	21
11155	3
11156	2
11157	9
11161	1
11164	2
11165	8
11167	1
11169	6
111691	1
111693	1
11170	2
11172	1
11173	7
11174	3
11175	3
111756	1
11176	1
11177	6
11178	3
11179	4
11180	3
11181	1
11191	2
11198	3
111O1	1
112	9
1120	2
11200	94
112000000	1
112008	1
112009	2
11201	20838
112010000	4
112011	1
112011000	2
112011114	1
112011120	1
112011124	2
112011600	11
112011634	1
112011641	2
112011698	1
112011769	2
112011811	1
112012177	2
112012202	3
112012371	1
112012483	4
112013502	2
112013870	1
112014003	1
112014182	1
112014275	1
112014400	1
112014508	1
112014608	2
112015000	1
112015002	1
112015040	1
112015046	2
112015323	5
112015503	3
112015713	2
112016110	1
112016310	1
112016643	2
11202	311
112021	1
112022495	4
112023501	1
11203	3778
112030520	1
112031809	1
112031891	1
112032	1
112033809	1
112034204	1
112035111	1
112035312	1
112035319	1
112035608	1
112036	1
11204	10896
11204.	3
112040000	3
112040010	1
112041122	1
112043814	1
112044749	1
112045635	1
112045706	1
11205	9034
112051054	1
112051108	6
112051120	1
112051202	2
112052413	2
112053704	10
112053929	1
112054004	1
112054034	1
112054083	2
112054530	6
11206	5799
112061733	1
112062003	1
112062998	3
112064508	1
112065902	1
11207	4548
112071023	1
112071120	1
112071706	2
112071905	1
112072203	3
112072413	1
112072617	1
112073414	1
112074909	1
112078417	2
112079710	1
11208	4216
112081120	1
112081701	1
112082009	1
112083026	1
112083534	1
112085413	6
112087879	1
11209	8165
112090000	6
112091925	1
112092807	1
112094315	4
112094504	2
112095702	1
112095712	1
112095804	1
112096	1
112096208	3
112096604	3
112096700	1
112097009	3
112097507	2
1121	10
11210	5602
112100255	2
112100744	2
112100837	3
112101	1
112102025	1
112102153	1
112103	1
112104	3
112104515	3
112104623	1
112105309	1
112105324	1
112105410	1
11211	22739
112110	1
112110016	1
112110028	1
112111	5
112111219	1
112111238	1
112111704	3
112112	1
112112009	1
11211229	1
112112423	2
112112604	1
112113002	3
112113604	1
112113635	1
112114001	5
112116031	5
112117311	1
112118171	1
112118919	1
11212	2617
112120000	1
112121658	1
112125634	1
112127617	7
11213	3467
112131122	9
112131166	2
112131539	1
112132001	1
112134329	2
112134337	1
112135127	4
11214	7139
112140000	4
112141714	1
112142201	2
112143005	2
112143210	1
112145809	2
112145821	1
112145907	1
112146001	1
112146501	1
112146930	1
112147	2
112149	1
11214Q	1
11215	12856
112150182	2
112150417	1
112150572	1
112150603	1
112151010	1
112151618	1
112151909	1
112152205	1
112152207	3
112152372	1
112152404	1
112153208	2
112153401	1
112153919	1
112154103	1
112154912	1
112155207	1
112155302	1
112155413	1
112155414	1
112155803	1
112155810	1
112156	1
112156007	1
112156010	2
112156018	1
112156305	1
112156309	1
112156404	1
112158427	1
112158428	2
112158865	2
11216	5150
112160000	1
112161702	1
112161802	1
112162012	1
112163101	1
112163401	1
112163517	1
112163905	1
112164005	1
112168659	1
11217	7496
112171121	1
112171131	1
112171204	1
112171486	2
112171659	1
112171812	1
112171999	2
112172017	2
112172208	1
112172412	2
112172418	1
112172820	2
112172959	1
112173116	1
112173208	1
112173303	1
112173606	1
11218	7962
112181207	1
112181417	1
112182003	3
112182135	1
112182309	1
112182417	2
112183005	1
112184313	1
112184917	1
11219	15978
112190000	2
112190366	1
112191408	1
112193011	2
112193769	7
112194235	1
112194924	2
112195104	1
112195339	1
112195416	1
112196023	3
112196309	1
112199	1
112199997	4
11220	12385
112200	1
112201034	1
112201109	1
112201122	2
112201299	2
112201307	1
112202721	1
112203	1
112203611	1
112203821	1
112204903	1
112205009	2
112205109	1
112205609	1
112206	1
112206159	1
112206840	2
112207	1
112208008	1
11221	4786
112211	1
112211002	1
112211111	2
112211203	1
112211303	1
112211903	1
112212	1
112212404	1
112212527	1
112212818	2
112215215	3
112219	1
112219900	1
11222	11212
112220	4
112220000	4
112221	1
112221103	3
112221916	1
112222	1
112222028	2
112222307	1
112222425	1
112222534	1
112222911	1
112223	1
112223113	1
112225	1
112225827	1
112226	1
11223	9478
112230	1
112230000	10
112231342	2
112231805	1
112232	1
112232232	1
112232948	2
112233	1
112233150	1
112233204	1
112233529	1
112233737	1
112233923	1
112234936	1
112235	3
112235145	1
112235350	4
112235502	1
112235532	1
112235547	1
112236	1
112238522	1
11224	2449
112240000	1
112241128	1
112241301	1
112241308	3
112241313	1
112241321	2
112241326	3
112241437	1
112243504	1
112243510	1
11225	3101
112250110	5
112251337	15
112252005	1
112252215	1
112253432	1
112254592	4
11226	3604
112260000	1
112260538	2
112261302	4
112264505	2
112265696	1
112265961	1
112267478	10
11227	56
11228	6228
112280000	2
112281144	1
112281217	1
112281608	1
112281901	1
112282324	2
112282420	1
112282708	1
112282711	1
112282924	1
112283012	2
112283622	1
112283903	1
11229	7692
112290000	5
112290372	2
112291122	2
112291679	2
112291738	1
112292339	1
112292424	1
112292534	1
112293208	2
112293310	1
112294313	1
112294314	1
112294413	1
112295127	3
112295129	2
112296087	1
112296542	1
112298	2
1123	1
11230	10047
112300000	1
112300539	2
112300605	1
112300625	1
112301	1
112301113	1
112302102	1
112303300	1
112303404	4
112303865	1
112305590	1
112305852	2
112306405	1
112306407	2
112307150	1
11231	8857
112310000	1
112311213	1
112311321	1
112311828	2
112312846	1
112313009	1
112313502	2
112313503	1
112313703	1
112313719	1
112313912	1
112314012	1
112314624	1
112314704	1
112314712	2
112314784	1
112314822	1
112314902	1
112315071	3
112315257	1
112315917	1
11231P	1
11232	5135
112320000	5
112321	1
112323	1
112323510	2
112326	10
11233	3921
112331305	2
112331775	5
112333418	3
112334	1
112334324	2
112335	1
11234	8052
112340000	3
11234212	4
112342943	1
112343605	1
112345	1
112345001	1
112346404	1
112346421	1
112346648	1
112346702	1
112346724	2
112346900	12
112346917	3
11235	9981
112350000	6
112351123	2
112352008	2
112352112	1
112352611	1
112354850	1
112355041	1
112355603	1
112357279	1
11236	3932
112360000	2
112361013	2
112361719	1
112363224	2
112363418	1
112363513	1
11236371	1
112363728	1
112365319	2
112365466	1
11237	4393
112371225	1
112371521	1
112372309	5
112374443	1
112375804	1
112375819	2
112375911	1
112376009	1
112376122	2
11238	6950
112380000	2
112381002	1
112382907	1
112383133	1
112383405	1
112383622	4
112384002	2
112384428	1
112385603	1
112386052	3
112386054	1
112387	1
112387128	1
11239	736
112392810	9
1124	1
11240	40
11241	254
11242	526
112421108	2
11243	141
11244	7
11245	152
112450005	2
11246	13
11247	7
11248	50
11249	2920
112493096	1
112493609	5
112496085	1
11250	3
11251	12
11252	7
11253	10
11254	16
11255	16
11256	8
11257	8
11258	4
11259	2
1126	1
11260	2
11261	7
11262	4
11263	4
11264	4
11265	28
11266	3
11267	18
11268	5
11269	11
1127	3
11270	9
11271	7
11272	16
11273	18
11274	16
11275	29
11276	2
11277	11
11278	17
11279	3
1128	8
11280	1
11281	1
11283\	1
11285	3
11286	1
11288	102
11289	2
11290	3
11291	12
11293	2
11296	3
11298	1
11299	32
112O5	1
11300	4
11301	18
11302	18
11303	9
11304	15
11305	12
11306	9
11307	10
11308	13
11309	9
11310	8
11311	9
11312	30
11313	10
11314	21
11315	17
11316	15
11317	26
11318	10
11319	5
11320	9
113200000	1
11321	37
113212369	1
11322	16
11323	26
11324	17
11325	48
11326	11
11327	17
11328	9
11329	5
11330	5
11331	1
11332	5
11333	2
11334	7
11335	44
113357	1
11336	29
113366	5
11337	22
11338	7
11339	3
11340	4
11341	6
11342	21
11343	33
113435	1
11344	9
11345	98
11346	25
113468	1
11347	36
11348	6
11349	3
1135	1
11350	8
11351	48
11352	57
113527133	1
11353	54
11354	14267
113541262	1
113541948	1
113542201	1
113542328	3
113543	1
113543137	1
113543324	1
113544122	3
113544263	2
113545516	1
11355	9705
113551	1
113551310	2
113551509	1
113551604	1
113552126	3
113552213	1
113552227	2
113552451	3
113552458	1
113553518	1
113553890	1
113554113	1
113554228	1
113555	3
113555026	1
113555307	2
113555900	1
11356	4611
113560000	1
113561003	1
113561136	1
113561211	1
113561742	1
11356433	1
113566	1
11357	9071
11357.	1
113570000	1
113571111	1
113571145	2
113571427	1
113572124	1
113572515	1
113572744	1
113572757	1
113573020	3
113573040	1
113573644	1
113577762	3
11358	6372
113581717	2
113582527	1
113582625	4
113582824	1
113582934	2
113583	1
113583131	1
113583305	1
113583666	1
113583904	1
113583912	1
113589	1
11359	35
1136	2
11360	2376
113600000	1
113601122	2
113601187	1
113601653	1
113602403	1
113602804	2
113602951	4
11361	6396
113610000	1
113610418	1
113610441	2
113611151	1
113612083	1
113612224	1
113612747	1
113613037	1
113613601	2
113615873	1
113617182	1
11362	3630
113621136	1
113621152	1
113621253	1
113621302	1
113621630	1
113621711	1
113621946	3
11363	2421
113631122	1
113631525	1
113631530	1
11364	4865
113640674	1
113640803	1
113641411	2
113641424	1
113641629	2
113641632	1
113641912	1
113641926	1
113642029	1
113642045	1
113642136	2
113642431	1
113642618	1
113643013	1
113643241	2
113643637	1
11365	5953
113650185	1
113650456	2
113651705	1
113652332	1
113653540	1
113655552	1
11366	3276
113660064	2
113661274	1
113661303	1
113661408	2
113661616	1
113661703	1
113661713	1
113666	1
11367	4705
113671339	1
113671930	1
113673123	1
113673437	1
113678	1
11368	11562
113681136	1
113681139	1
113681443	20
113682529	1
113683	1
113683924	1
113685017	14
113685107	36
113689903	1
11368SDSD	1
11369	2615
113691	1
113691013	1
113691017	1
113691136	1
113691414	2
113691835	1
113692208	1
113694663	1
11370	2496
11370-	1
113700564	2
113701629	1
113705189	1
11371	44
113710	1
113710019	1
113710473	1
11372	5445
113720069	2
113720072	2
113721534	2
113722905	2
113723	1
113723339	1
113724820	1
113725861	2
113727001	1
11373	8899
113730000	1
113731059	1
113731137	1
113731318	1
113731735	3
113734425	1
113734555	2
113735107	2
113737	4
11373\	1
11374	6469
113741027	1
113741828	1
113741964	4
113742029	1
113742929	1
113743317	116
113743395	1
113743453	1
113743454	1
113744764	1
113744841	1
113745211	1
113748069	1
11375	12744
113750000	2
113750311	8
113751048	1
113751244	1
113753200	1
113753929	1
113753936	1
113755320	1
113755725	1
113755839	1
113755933	1
113755934	1
113756731	2
113757044	1
113757182	1
113757200	16
11376	85
11377	7769
113770000	4
113772034	1
113772125	1
113772223	1
113772424	3
113772538	2
113772760	1
113773541	1
113775054	1
113775928	2
113776026	1
113776346	2
113776720	1
113777	1
113777202	1
113777900	1
11378	6276
113780000	1
113781036	1
1137811	1
113781207	1
113781298	1
113781404	1
113781616	1
113782230	2
113782825	1
113782947	1
113783460	1
113785	2
11379	3303
113791211	1
113791321	1
113791953	1
113792531	1
113792838	1
113795315	1
11380	70
11381	2
11382	10
11383	2
11384	12
11385	7636
113851046	7
113851094	1
113851854	2
113852206	2
113852622	3
113853252	6
113855221	1
113855350	1
113855701	2
113855745	1
113857522	1
113857625	2
113857923	1
11386	76
11387	15
11388	14
11389	6
11390	1
11392	2
11394	1
11395	9
11396	5
11397	8
11398	5
11399	3
11400	1
11401	8
11402	48
11403	6
11404	12
11405	57
11406	3
11407	2
11408	1
11409	6
11410	14
11411	1393
114110038	1
114112121	4
114112304	1
114117	1
11412	2303
114121	1
114121232	1
114122004	2
114122413	1
114122420	1
114127776	1
11413	3087
114131841	1
11414	3529
114141141	1
114143538	1
114143942	1
11415	3843
114151107	1
114158	1
11416	2722
114162616	1
11417	3048
114170107	1
114171542	1
114171721	1
114172101	1
114172516	1
11418	6939
114180000	2
114181751	1
114181914	3
114182426	2
114183314	1
114183482	1
11419	9914
114190902	1
114190906	6
114191018	1
114191104	1
114191138	2
114191141	2
114191218	3
114191904	1
114192104	3
114192117	1
114192120	1
114192339	1
114192349	1
114192716	1
1142	6
11420	6112
11420  19	1
114201347	1
114202319	1
114202514	1
114202819	1
114203510	1
114207755	1
11421	2292
114210000	1
114210456	1
114211257	1
114212034	3
114212844	1
114212900	2
114213	1
114217	7
11422	3184
114220000	1
114221030	1
114222435	1
114222557	1
114223016	1
11423	5269
114231142	1
114231301	1
114231919	1
114231970	1
114237	1
11424	64
114242710	1
11425	46
11426	3952
114260	1
114261326	1
114261825	1
114262114	1
114262327	1
114262612	1
114264411	1
11426\	1
11427	2309
114271019	1
114271228	1
114271816	1
114272198	1
114272413	1
114272718	1
11428	3536
114280563	1
114281230	1
114281233	1
114281709	2
114281712	1
114281921	1
114282017	2
114282124	1
11429	2147
114291733	1
114292000	2
114292435	1
11430	181
114307648	3
11431	60
114311368	2
11432	10455
114321436	1
114321442	1
114321808	1
114321921	1
114322723	1
114323042	1
114323308	1
114324634	1
114324647	1
114325	1
114325215	1
114325519	1
114325768	2
114325825	1
114326052	1
114327	1
11433	2201
114331326	1
114331719	1
114332	1
114332102	1
114332634	2
114334022	1
114334112	1
114334137	1
11434	5246
114341896	1
114343704	1
114344221	1
114344837	1
114345	5
114345958	1
114347	1
11435	12050
114351217	1
114351224	1
114352557	1
114353103	1
114353329	1
114353331	1
114354503	1
114354718	1
114355203	1
114355302	1
114355440	1
114356361	161
11435718	1
11436	4142
114361049	1
114361426	6
114368	1
11437	25
11438	32
11439	309
11440	1
11441	8
11442	16
11443	16
11444	6
11445	2
11446	3
11448	2
11450	2
11451	22
11452	13
11453	22
11454	16
11455	3
11456	12
11457	22
11458	9
11459	8
1146	2
11460	23
11461	13
11462	15
11463	8
11464	1
11465	39
11466	2
11467	7
11468	14
11469	11
11470	12
11471	7
114719	1
11472	18
11473	18
11474	18
11475	16
11476	1
11477	12
11478	1
11479	2
11480	2
11481	4
11482	1
11483	2
11484	1
11485	12
11486	2
11489	1
11490	6
11491	7
114913131	1
11493	2
11494	2
11496	1
11500	1
11501	796
115010111	2
115013122	3
115014402	4
115014642	1
11501O	1
11502	3
11504	10
11505	1
11506	4
11507	493
115070000	1
115070111	1
115070139	2
115071503	7
11508	74
11509	314
115090271	4
115091406	1
11510	276
11511	1
11512	2
11514	400
11516	1367
115160297	2
115161926	2
11517	11
11518	155
11519	3
11520	204
115201205	1
11521	4
11522	4
11523	10
11524	3
11528	4
11529	2
11530	2241
115300000	1
115301418	1
115303150	1
115303219	2
115303338	1
11531	9
11532	2
11533	4
11534	11
11535	3
11536	18
11537	14
11538	8
11539	2
1154	10
11540	2
11541	4
11542	261
11543	6
11544	4
11545	656
115452808	2
11546	1
11547	82
115470401	3
11548	172
115488	1
11549	1
11550	551
115500000	3
11552	368
11553	71
11554	289
115541551	1
11555	9
11556	189
115560001	6
115561425	1
11557	466
115570150	5
11558	61
11559	626
115591802	1
11560	234
11561	340
115611607	1
11562	20
11563	306
115634018	1
11564	5
11565	68
11566	419
11567	4
11568	426
115687	1
11569	11
11570	1061
115702710	1
11571	89
11572	250
115720000	5
11573	19
11574	8
11575	35
11576	1043
11577	1237
115770000	2
115771269	3
115771834	5
115772515	1
11578	2
11579	52
1158	1
11580	1334
115802526	1
115804032	1
115806124	1
11581	596
11582	114
11583	5
11584	6
11585	1
11587	1
11588	7
11589	9
11590	1110
11591	20
11592	1
11593	1
11594	3
11595	2
11596	476
11597	1
11598	1304
11598.	1
115982163	1
11599	3
1160	1
11601	6
11603	16
11604	3
11608	1
11609	2
11610	1
11611	1
11613	1
11614	3
11615	3
11616	1
11618	1
11619	15
11621	4
11629	2
11630	4
11631	11
11632	2
11633	2
11634	3
11635	2
11636	10
11637	1
11639	4
11641	1
11642	2
11643	1
11649	1
11652	4
11653	2
11654	6
11658	1
11665	1
11669	24
1167	1
11673	5
11675	1
11677	2
11678	1
11679	2
11680	1
11681	2
11682	5
11684	1
11688	5
1169	1
11690	35
116900417	1
11691	2784
116911703	1
116911848	2
116911929	1
116913780	1
116914813	2
116915305	1
116915410	2
116915515	1
11692	2208
116921054	3
116921329	1
116921409	1
116921422	4
11693	1553
116931123	5
116931406	1
11694	2768
116940000	4
116941009	2
116941149	2
116941228	1
116941328	1
116941334	1
116941524	1
116941617	3
116941619	1
116941628	1
116941839	1
116941927	1
116945010	1
116949175	1
11695	9
11696	8
116963	2
11697	2590
11697BPCO	1
11698	5
11699	2
11701	109
11702	23
11703	22
11704	1536
117042928	1
11705	12
11706	194
117060	1
11707	2
11708	1
11709	61
11710	254
117104726	1
117109701	1
11711	1
11712	4
11713	9
11714	397
117141045	1
117143469	1
11715	3
11716	46
11717	162
11718	11
11719	13
11720	40
11721	21
11722	22
117229026	1
11723	1
11724	35
11725	210
117250280	4
117256021	1
11726	4
11727	20
11728	2
11729	112
11730	156
11731	190
11732	49
11733	28
11734	11
11735	480
117351512	2
11736	1
11737	9
11738	30
11739	5
11740	24
11741	19
117410000	1
11742	4
11743	585
11744	2
11745	5
11746	737
11747	898
117473851	2
117475086	2
11748	1
11749	106
1175	1
11750	67
11751	5
11752	165
11753	4610
117530115	1
117531006	1
117531125	1
117531513	3
117531681	2
117532000	1
117532803	1
117536	1
117538905	1
11753\	1
11754	31
11755	29
117552850	1
11756	136
11757	131
117572911	3
11758	380
1176	1
11760	2
11762	74
11763	112
11764	48
11765	6
11766	28
11767	8
11768	88
11769	12
11770	2
11771	269
117710255	4
117711	1
11772	12
11773	5
11774	24
11775	1
11776	18
11777	34
11778	16
11779	145
11780	19
11781	1
11782	12
11783	114
117832409	1
11784	7
11785	2
11786	1
11787	225
11788	227
11789	4
11790	15
11791	1379
11791.	1
117910020	2
117915501	1
117919618	2
11792	7
11793	144
11794	1
11795	19
11796	1
11797	224
11798	12
11801	431
118013908	5
118014244	2
11802	23
11803	712
118031604	4
118031658	1
118031731	1
118032301	3
118034020	1
118034951	1
11804	38
11805	2
11806	3
118066110	1
11807	2
11810	1
11813	2
11814	2
11815	1
11818	5
11821	4
11824	2
11849	1
11850	1
11853	1
11857	1
11860	4
11861	1
11865	1
11867	3
11870	1
11875	1
11876	9
11885	1
11891	3
11894	1
11895	1
11901	6
11903	7
11907	23
11914	1
11921	2
11928	1
11929	2
11930	16
11931	1
11932	15
11933	12
11934	13
11935	22
11937	48
11939	2
11940	20
11940.	1
11941	1
11942	12
11944	7
11946	34
11947	5
11948	5
11949	6
11950	7
11951	4
11952	84
11953	8
11954	6
11955	4
11956	1
11957	20
11958	39
11959	2
11960	13
11961	44
11962	6
11963	46
11964	10
11965	7
11967	11
11968	52
119683721	1
11969	9
11970	3
11971	24
11973	1
11975	21
11976	27
11977	6
11978	11
11979	1
11980	2
11984	1
11996	1
1200016	1
12001	6
120012	1
12009	1
1201	2
12010	1
12012	1
12013	1
12017	3
12020	2
120250100	2
12031	2
12032	1
12037	1
12042	1
1205	1
12054	24
12058	3
12059	1
12061	1
12065	15
12074	2
12075	3
120762813	1
12083	1
12084	2
12090	3
12091	3
12106	8
1211	1
12110	10
121103514	1
12111	6
12118	1
12119	1
12120	1
12121	7
121210	1
12122	1
12123	2
121416	1
12143	1
12144	7
12146	2
12147	3
1215	2
12154	1
12159	4
12163	2
12165	2
12180	2
12184	5
12186	1
12187	1
12188	123
12189	1
1219	1
12190	1
12201	10
12203	14
12204	6
12205	17
12206	10
12207	285
122072964	6
12208	7
12209	1
12210	7
12211	5
12213	1
12214	3
12215	8
12216	5
12217	2
12218	4
12220	1
12221	1
12222	11
12223	46
12224	1
12225	1
12226	2
12228	2
12229	6
1223	1
12230	4
12231	4
12232	1
12233	5
122337017	6
12234	2
12235	7
12236	3
12237	1
12240	3
12242	20
12243	2
12245	1
12246	24
12250	4
12255	1
12260	2
12301	1
12302	1
12303	1
12304	1
12306	3
12307	2
12308	11
12309	2
12312	1
12315	1
12319	2
12322	1
1234	1
12340	2
12341	1
12342	1
12344	1
12345	24
1235	1
12351	1
12353	1
12354	4
12356	1
1236	1
12364	1
12368	1
12370	1
12374	2
12375	9
12377	1
12385	2
12401	17
12402	2
12404	2
12409	3
12413	1
12414	2
124142110	1
12422	1
12428	7
12430	1
12431	3
12446	4
12448	3
12455	1
12456	1
12458	1
12461	3
12464	1
12466	3
12468	3
12469	1
12470	1
12471	1
12477	12
12492	2
12493	7
12495	2
12496	3
12498	6
12500	2
12502	1
12503	1
12508	19
12514	1
12518	8
12524	9
12525	1
12526	1
12528	5
12531	1
12533	12
12534	2
12537	2
12540	7
12542	1
12545	9
12546	10
12549	6
12550	54
12551	1
12552	1
12553	6
125535941	1
12559	2
12561	18
12563	2
12564	4
12566	3
12567	11
12569	11
12570	3
12571	9
12572	18
12574	1
12575	1
125755203	1
12578	2
12580	4
12581	6
12582	4
12583	2
12586	1
125860677	1
12589	7
12590	34
12601	21
12603	16
12604	2
12669	1
12693	1
12701	3
12721	12
12736	2
12737	1
12747	1
12748	1
12754	1
12758	1
12764	3
127640017	1
12775	19
12777	1
12779	8
12785	1
12788	1
12789	1
12790	28
12791	1
12804	3
12809	1
12816	1
12817	1
12827	4
12835	1
12838	1
12842	1
12845	1
12865	1
12866	17
12890	1
12902	1
12926	33
12936	1
12946	6
12953	1
12983	1
13001	1
13004	1
13005	4
13007	2
13008	3
1301	2
13010	6
13012	5
13014	6
13021	2
13024	5
13029	1
13035	3
13037	1
13057	3
1306	2
13066	4
1308	1
13088	21
1309	2
13090	4
13104	17
13112	1
13114	1
13118	1
13120	1
13123	1
13127	2
1314	4
13160	1
13179	1
13202	8
13203	2
132030000	3
13206	1
13209	9
13214	11
13255	2
133	1
13339	3
13344	1
13350	2
13355	5
13366	1
13367	1
13372	1
13374	1
13375	1
13377	5
13385	3
13401	1
13405	1
13410	1
13413	2
13438	1
13440	5
13459	2
13465	1
13469	3
13502	2
13503	3
13510	1
13541	2
13555	1
1356	3
1357	1
13570	1
1358	2
1360	1
13601	2
13637	2
1365	1
1367	1
13677	1
1368	1
1373	2
13733	1
13756	1
13757	2
13777	1
13808	1
13820	1
13839	2
13842	2
13846	1
1385	5
13901	6
13902	1
13979	1
140017	1
14039	4
14043	25
140463	1
14047	1
14048	4
14052	3
14063	3
14066	1
14067	2
14068	2
14069	5
14077	1
14078	1
14086	2
14111	3
14118	2
14119	3
1412	1
141211	1
14127	2
14135	1
14137	1
14141	2
14142	1
14150	2
14151	1
14171	1
1418	1
14202	6
14203	8
14209	2
14211	1
14214	1
14215	4
14221	16
14224	6
14226	2
14333	1
14343	4
1435	1
14355	1
14379	1
14413	2
14427	1
14432	4
14433	1
14445	1
14456	2
14468	2
14526	1
14534	65
14537	1
14563	1
14570	1
14580	2
145804615	1
14601	4
14607	1
14608	1
14609	1
14610	1
146103362	1
14615	1
14618	10
1463	1
14654	1
14709	2
1474	2
14830	1
14845	2
14850	5
148505115	1
14851	12
14853	3
14865	1
14871	1
14889	1
15010	1
15038	3
15098	1
15101	1
15108	23
15143	5
151439558	1
15198	2
15213	3
15217	7
15219	26
15222	7
15225	4
15232	5
15237	3
15238	1
152382445	2
1530	1
15317	11
15385	1
15501	2
15514	2
15534	1
15555	1
15566	1
15577	2
1559	1
15598	3
1563	1
15767	2
16017	1
16037	1
1610	1
16118	2
16126	1
16148	3
16153	1
16169	1
16228	1
16237	1
16272	1
16295	1
16312	2
16318	1
16360	1
16471	1
16474	1
16509	18
16704	1
16803	37
1694	1
16991	4
17011	55
17022	4
17024	1
17033	1
17070	34
17102	41
17103	2
17113	1
17195	2
17201	3
17203	2
17257	1
17324	1
17363	1
17365	3
17405	8
174057036	3
17464	5
17517	2
17543	1
17601	1
17602	2
17642	1
17691	1
17712	2
17733	7
17740	1
17792	1
17797	1
17815	2
17837	1
179761226	1
1800	1
1801	2
18013	1
18015	6
18016	1
18017	2
18018	12
18031	7
18042	2
18049	1
18051	7
18058	4
18064	2
18072	5
180720000	1
18083	1
18101	2
18103	3
18104	1
18106	3
18107	1
18109	7
18201	1
18236	5
18301	8
18302	1
18324	3
18325	1
18326	2
18328	1
18330	2
18337	9
18343	7
18344	5
18347	3
18352	1
18360	3
18370	1
18372	2
184050035	1
18414	1
18426	3
18428	6
18431	7
18436	1
18443	1
18444	3
18466	2
18504	2
18508	1
18510	4
18527	1
18610	3
18660	1
18702	1
18704	5
18706	4
1872	1
18817	2
18818	1
18840	13
18853	1
18929	5
18938	2
18940	2
18951	1
18954	5
18966	1
18977	8
19004	19
19005	2
19006	36
19008	1
190096	1
19010	10
19014	1
19015	1
19020	5
19025	26
19027	6
19029	6
19035	2
19040	3
19041	2
19044	22
19046	14
19047	4
19050	4
19053	4
19061	14
19063	15
19066	6
190661297	1
19067	44
19072	14
19073	6
19085	2
19087	54
19096	85
19100	1
19102	30
19103	106
191031895	4
19104	79
191042868	6
19106	23
19107	55
19109	1
19110	1
19112	1
191121495	2
19115	1
19116	2
19119	1
19122	1
19123	16
19124	4
19127	4
19128	1
19132	3
19135	16
19144	2
19146	9
19148	1
19151	2
19169	1
191950001	1
19248	1
19281	2
19302	1
19305	7
19312	22
19317	1
19335	2
19340	2
19341	4
19348	2
19352	3
19355	67
19380	6
19381	28
19382	2
19395	1
19398	1
19403	5
19406	38
19422	9
19428	58
19429	2
19437	1
19454	1
19457	1
19458	9
19459	2
19460	5
19461	2
19462	85
194621644	1
19463	1
19464	1
19465	2
19466	1
19467	12
19469	1
19473	1
19484	1
19506	3
19520	1
19527	1
19565	12
19577	1
19603	2
19610	31
19709	2
19710	1
19713	4
19720	2
19801	13
19803	1
19805	2
19806	2
19807	3
19808	21
19810	1
19884	1
19901	6
19904	10
19911	1
19912	3
19917	1
19918	8
19919	1
19921	4
19922	2
19923	6
19924	2
19927	6
19928	2
19930	1
19931	1
19936	1
19938	1
19945	1
19965	3
199656001	1
19991	2
19992	2
19999	1
1OO21	1
20	1
20001	19
20002	6
20003	4
20004	25
20005	29
20006	10
20007	13
20008	3
20009	17
20010	1
20011	3
20012	15
20015	32
20016	15
20017	1
20019	1
20021	2
20022	2
20024	30
20026	1
20027	1
20031	1
20033	3
20036	63
20037	24
20038	4
20040	1
20041	1
20058	2
20065	1
20115	5
20120	28
20135	3
20136	2
20151	2
20152	1
20166	9
20170	3
20171	4
20175	2
20186	2
20190	13
20191	38
20195	9
20215	2
20228	4
20255	1
20260	10
20304	1
20333	1
20352	1
20410	14
20419	2
20453	1
20461	1
20462	1
20466	1
20472	1
20504	1
20520	1
20528	1
20533	1
20534	1
20577	1
20607	3
20646	2
20703	2
20706	3
20720	1
20723	5
20744	2
20746	2
20748	1
20766	1
20770	1
20772	1
20782	1
20785	1
20804	1
20814	233
20815	15
20816	8
20817	150
20841	6
20850	1
20852	36
208524041	5
20854	49
20855	4
20878	3
20886	6
20901	44
20903	1
20904	2
20906	6
20910	25
20917	1
21002	1
21004	1
21029	1
21030	29
21031	1
21040	3
21043	1
21044	15
21046	8
21050	2
21075	1
21076	11
21078	1
21085	2
21093	14
21108	1
21114	2
21115	2
21116	3
21117	4
21120	3
21121	1
21122	2
21153	3
2116	2
212	1
212 32568	1
21201	14
21202	6
21204	20
21206	1
21207	1
21208	3
21209	4
21210	6
21212	1
21218	2
21224	1
212263023	1
21228	6
21230	2
212302982	1
212306755	1
21231	2
21236	5
212431947	1
21244	6
21246	2
212473628	1
212484893	1
212550500	1
212715633	6
212733100	2
212775301	2
212826760	1
212837490	1
21286	2
212865502	1
212868637	1
212943150	1
21401	28
21403	9
21601	4
216012723	1
21613	1
21635	16
21663	2
21702	44
217020951	2
21703	3
21704	4
21719	3
21826	5
21842	6
21915	4
21964	1
22003	43
22004	1
22012	10
22015	1
22019	1
22030	2
22032	2
22033	3
22037	92
22042	126
22060	1
22066	3
22101	14
221013803	1
22102	54
22117	2
22124	1
22134	2
22150	1
22151	28
22180	1
22192	62
22201	4
22202	4
22203	117
222031861	32
22209	3
22220	3
22222	1
222222	1
22230	1
22304	1
22312	1
22314	2
22318	1
22320	1
22328	1
22329	3
22332	1
22360	1
22373	9
22405	4
22414	2
22428	2
22477	1
22526	1
22560	2
22601	3
22646	21
226460318	1
2267	1
22694	1
22791	1
22801	2
22902	3
22911	2
22932	1
22936	1
22952	1
22980	7
23011	1
23058	2
23059	6
23060	29
23103	1
23111	4
23178	9
23188	3
23218	1
23219	46
23226	4
23228	1
23233	1
23234	1
23238	4
23310	2
23320	18
23322	1
23324	7
23451	4
23452	17
23462	1
23464	3
23502	1
23510	13
23602	3
23607	43
23693	4
23851	1
24012	13
24061	1
24116	1
2528	1
25505	1
25701	2
25801	2
265172321	1
267030300	1
26906	2
27106	7
27244	5
27312	2
27330	1
27360	2
27408	5
274090300	6
27410	2
27498	2
27511	2
27513	2
27514	1
27516	1
27517	2
27518	2
27519	5
27529	1
27560	2
27587	1
27603	2
27613	1
27614	3
27615	78
27707	1
27709	1
27856	1
28027	3
28078	1
28117	1
28134	3
28173	1
28202	1
28203	8
28209	5
28212	1
28215	1
28216	21
28217	1
28226	3
28244	4
28255	1
28260	1
28262	5
28269	2
28270	2
28273	1
28277	21
28301	1
28306	3
28312	1
28314	1
28379	1
28433	1
28443	5
28461	2
28555	1
28590	1
28656	1
28658	1
28659	41
28665	7
28677	1
28690	1
28697	19
28779	1
28782	1
28787	1
29020	4
29073	2
29108	4
29210	1
29302	65
293025189	1
29303	15
29306	28
29334	1
29379	1
29401	2
29406	2
29445	2
29488	1
29566	1
29572	1
29601	6
29602	1
29621	1
29715	5
29716	2
29728	2
29909	2
29910	2
29926	1
29928	5
30004	1
30005	15
30009	1
30013	4
30022	3
30038	1
30041	4
30058	1
30060	1
30062	7
30066	1
30067	27
30076	23
30084	1
30087	4
30088	2
30093	1
30094	1
30096	2
30097	1
300974093	1
30106	1
3010600	1
30126	2
30144	4
30165	1
30202	2
30212	1
30213	3
30228	2
30238	1
30239	1
30294	1
30296	1
30303	19
30305	59
30308	10
30309	2
303097706	9
30312	1
30313	1
30318	3
30319	11
30326	32
30327	16
30328	13
30331	1
30338	9
30339	115
303394024	4
30340	5
30342	30
30346	8
303462149	2
30349	1
30350	1
30360	1
30508	4
30720	4
30808	4
30901	1
30905	1
31204	1
31320	1
313786871	1
31401	11
31405	1
31412	7
31645	1
31803	1
31904	14
31906	2
31908	4
32028	2
32073	6
32080	4
32082	1
32084	1
32086	2
32095	1
32114	5
32117	8
32118	6
32128	2
32129	1
32137	2
32162	3
32164	2
32176	1
32202	19
32203	4
32206	1
32216	2
32246	3
32256	1
32257	2
32258	1
32276	1
32436	1
32444	1
32459	1
32562	2
32566	1
32659	1
32707	3
32708	2
32709	1
32712	2
32714	9
32721	2
32725	1
32750	1
32762	2
32765	1
32779	2
32789	1
32792	3
32801	32
32805	1
32806	3
32809	5
32810	2
32817	1
32818	1
32819	50
32821	2
32825	2
32828	5
32835	27
32836	6
32837	20
32839	48
32859	1
329033112	2
32909	3
32937	1
32940	4
32950	1
32955	1
32958	2
32960	2
32963	5
32966	4
33008	3
330085265	3
33009	19
33015	19
33016	1
33019	5
33020	6
33021	11
33025	3
33026	4
33027	5
33028	1
33029	3
33031	1
33037	2
330394024	1
33040	4
33050	9
33060	1
33061	1
33062	18
33063	13
33064	39
33065	3
33066	3
33067	15
330670000	1
33069	4
330691319	3
33071	14
33075	4
33076	7
33081	3
330814900	3
33082	5
33096	1
33102	2
33106	2
33109	9
33125	2
33126	2
33127	7
33129	9
33130	2
33131	130
331311510	4
33132	2
33133	15
33134	25
33137	11
33138	9
33139	61
331393389	1
33140	33
331402586	1
33141	1
33143	33
33145	1
33146	8
33147	2
33149	13
331492705	1
33154	18
33155	1
33156	3
33157	4
33158	2
33160	36
33162	6
33166	4
33169	2
33172	8
33173	1
33175	1
33176	2
33178	24
33179	17
33180	30
331802813	15
33181	4
33182	12
33185	1
33187	1
33196	1
33301	12
33304	12
33305	1
33306	2
33308	8
33309	2
33311	4
33312	20
33313	1
33314	1
33315	3
33316	4
33319	7
33321	9
33322	7
33323	3
33324	4
33326	1
33327	2
33328	2
33330	27
33332	19
33333	1
33351	1
33355	1
33401	28
33404	2
33408	5
33410	46
33411	5
33412	4
33414	9
33417	2
33418	88
33420	1
33421	1
33426	6
33428	7
33429	1
33431	7
33432	6
33433	25
33434	34
334345154	2
33436	7
33437	35
33441	17
33442	3
33444	2
33445	10
33446	25
33449	4
33455	14
33458	21
33462	2
33467	21
33469	14
33472	2
33473	4
33474	3
33477	10
33480	95
334800887	1
33481	5
33483	5
33484	30
33486	3
33487	141
334873105	8
33496	20
334962204	1
334962736	1
33498	8
33505	1
33548	1
33556	2
33558	2
33578	1
33595	1
335967812	1
33602	9
33605	3
33606	5
33607	7
33614	4
33618	7
33624	1
33625	1
33634	5
33637	11
33647	4
33703	1
33705	2
33706	1
33707	9
33709	2
33710	2
33711	1
33714	1
33715	7
33755	1
33756	1
33760	1
33763	2
33767	4
33770	1
33771	1
33774	1
33837	3
33904	3
33908	2
33914	5
339145958	1
33919	5
33924	4
33928	3
33932	1
33934	1
33935	5
33936	2
33938	1
33940	2
33952	1
33955	10
33957	2
33966	2
33975	2
33991	1
33999	1
34019	1
34102	3
341027004	6
34103	1
34108	3
34109	2
34110	3
34112	5
34119	8
34134	1
34135	4
34145	6
341456655	1
34201	18
34205	4
34207	1
34209	3
34217	5
34223	9
34228	6
34231	2
34232	12
34234	2
34235	1
34236	28
34237	2
34240	7
34242	4
34275	1
34287	1
34322	1
34442	7
34465	1
34470	3
34473	1
34481	1
34608	1
34609	3
34647	1
34652	1
34653	1
34667	1
34668	2
34669	1
34684	2
34689	3
34711	4
34734	1
34744	1
34746	2
34748	2
34758	1
34761	1
34786	5
34787	2
34944	1
34952	2
34953	3
34957	1
34984	3
34994	180
349944	1
34996	1
34997	1
34999	1
35020	2
35211	1
35242	1
35653	2
35803	5
36344	1
37027	5
37037	1
37067	2
370697076	1
37203	6
37204	4
37205	1
37209	1
37212	5
37215	1
37217	3
37405	1
37777	1
37801	1
37811	1
37819	1
37901	1
37902	3
37918	21
37919	1
37932	1
38024	1
38101	2
38103	116
38106	1
38117	11
38118	23
38119	2
38125	20
381257713	1
38132	2
38133	1
38434	2
39540	1
40000	1
40021	2
40023	1
40165	1
40202	44
40208	1
40212	1
40213	17
40222	4
40223	2
40232	1
40307	1
40452	1
40465	1
41155	1
41210	1
413	1
41565	1
41770	1
41934	1
4214124	1
42301	4
42303	1
43016	1
43017	10
43054	6
43078	1
43205	1
43206	52
43209	3
43215	44
43216	4
43219	8
43220	1
43224	1
432244550	2
43230	73
43231	2
43235	5
43240	92
432402050	5
43275	1
43537	1
43538	1
44022	1
44060	8
44102	1
44108	1
44113	15
44114	15
44118	2
44121	1
44122	3
44124	35
44130	7
441308011	3
44131	1
44132	1
44139	24
441392769	6
44141	1
44143	3
44145	4
44146	2
44148	1
44310	1
44333	3
44357	1
44428	2
44444	1
44460	3
44483	1
44512	2
44568	1
44691	9
44721	1
45040	3
45133	1
45177	1
45202	533
45220	1
45237	1
45240	4
45249	2
45323	21
45431	1
45702	40
458061579	1
45840	3
45911	1
459990023	1
46011	3
46032	1
46077	4
46112	1
46142	1
46203	4
46204	3
46214	4
46218	1
46235	3
46237	3
46240	3
46241	1
46256	1
46268	9
46503	1
46516	3
46528	4
46952	3
47201	2
47274	1
47901	3
48009	4
48034	2
48084	15
48090	1
48091	1
48098	1
48103	7
48104	10
48105	81
48126	11
48127	3
48150	2
48152	4
481672751	1
48188	1
48202	3
48226	1
48230	1
48265	22
482652000	6
48275	1
48304	5
48314	2
48326	3
48342	1
48375	3
48403	1
48502	6
48818	2
48843	2
488955174	1
48911	33
49418	1
49424	2
49508	1
49512	28
49802	1
50265	1
50266	1
50328	5
50392	3
5054444	1
50667	1
51116	2
5149	1
516739693	1
516806004	1
52499	16
524995553	2
52556	19
53044	1
53051	25
53089	3
53151	1
53191	3
53202	28
53224	7
53225	2
53511	3
53551	1
53562	2
535624039	2
53711	9
53714	1
53716	1
5423	1
54615	4
54956	8
55012	12
55043	4
55057	1
55104	2
55116	1
55118	2
55121	1
55126	1
55130	1
55305	12
55317	1
55343	2
55344	7
55391	1
55401	10
55402	12
55403	149
55408	1
55415	1
55423	8
55432	3
55435	10
55437	1
55439	17
55445	1
55555	9
55901	3
56201	2
57104	1
57501	1
58125	1
58601	2
591404053	2
6	1
60005	1
60010	109
60015	86
60018	1
60022	1
60025	2
60028	7
60035	158
60045	32
60047	6
60062	31
60064	1
60069	1
60070	3
60077	1
60089	1
60091	22
60101	2
60102	4
60108	1
60125	2
60126	6
60156	1
60173	3
60176	1
60179	32
60188	2
60192	1
60195	1
60201	3
60202	6
60253	1
60255	1
60290	1
60305	1
60430	1
60438	2
60440	88
60515	1
60521	39
60522	1
60523	271
60538	1
60555	28
60563	3
60601	28
60602	8
60603	30
60606	584
606060521	1
60607	48
606072101	8
60610	25
60611	181
60612	1
60614	10
60615	2
60618	8
60622	2
60631	9
606313512	8
60640	6
60645	1
60646	10
60654	11
60657	11
60659	1
60661	7
60690	1
60714	3
60854	1
61008	9
61016	1
61030	1
61054	1
61111	3
61201	2
61406	1
61614	1
6173	1
61820	1
61821	2
62274	2
630054481	2
63011	1
63026	2
63042	1
63101	4
63102	1
63104	6
63105	5
63117	1
63118	1
631243395	1
63130	1
63141	8
63144	1
63146	6
63215	2
63366	1
63368	5
64105	11
64106	19
64111	2
64152	13
64870	1
65202	5
65203	6
65205	3
66024	1
66202	4
66204	12
66211	36
66214	1
66251	8
66554	2
67009	1
67030	1
67226	49
67759	1
68010	13
68154	1
68556	2
69631	1
70008	1
70094	1
70113	9
70118	6
70119	1
70124	1
70130	2
71001	3
71111	1
71121	1
718  9633	1
718260350	1
718266363	1
718270260	2
718280550	1
718327800	1
718337111	1
718351819	1
718371681	1
718386761	1
718391043	3
718391064	1
718391369	1
718392435	1
718402693	1
718409122	1
718421101	1
71844	1
718456208	1
718461079	1
718464632	1
718465757	1
718499031	1
718522601	1
718590800	1
718622695	1
718655817	1
718705900	1
718765125	1
718783387	1
718805183	1
718834935	1
718889181	1
718899830	1
718934888	1
718966150	1
718999999	1
72116	4
72201	1
72202	1
72207	5
72223	3
72404	5
72712	2
72758	1
72903	2
72917	1
73072	1
73118	2
73231	1
74117	3
74135	7
74153	2
749070713	2
75001	5
750010000	1
75007	18
75008	5
75019	4
75023	11
75024	57
75034	5
75039	5
75056	1
75062	74
75063	1
75067	3
75069	1
75074	10
75080	3
75082	1
75087	3
75089	11
75201	51
752012506	1
75204	3
75205	4
75207	6
75214	6
752141933	1
75217	5
75219	17
75221	2
75230	3
75231	27
752310437	1
752316437	1
75234	4
75237	1
75240	17
75248	2
75254	6
75270	3
752840790	1
75321	1
75356	1
7562	1
76013	1
76034	1
76051	39
76065	1
76102	30
76185	9
76210	3
76226	2
76262	4
764503608	1
76666	4
77001	1
77002	7
77005	7
77008	6
77010	10
77019	14
77024	2
77027	10
77042	1
77046	13
77056	13
77057	5
77060	4
77067	11
77079	5
77081	3
77092	25
77219	1
77235	1
77251	1
77254	3
77270	2
77375	1
77381	2
77407	1
77433	8
77505	22
775456129	1
77546	1
78130	1
781723500	1
78205	9
78209	8
78216	3
78229	3
78251	1
78254	2
78297	2
78471	4
78520	1
78537	7
78541	3
78633	1
78664	2
78701	10
78703	3
78730	9
78739	3
78746	2
78759	1
79423	1
79602	2
79901	1
79902	2
80014	1
80026	1
80033	1
80104	1
80110	7
80111	26
80112	46
80124	1
80129	54
80202	13
80204	3
80205	2
80209	1
80218	3
80220	1
80222	3
80229	1
80231	5
80237	24
80238	1
80239	1
80265	2
802669918	7
80301	1
80302	2
80304	2
80305	1
80401	8
80498	1
805037167	2
80525	1
80723	1
80788	7
80903	11
80909	1
80919	1
81435	2
81611	4
81623	1
81631	5
81654	7
81657	2
82450	2
82513	1
83001	7
83012	3
83156	1
83278	2
83340	1
84003	1
84060	4
84070	3
84092	3
84098	2
84102	1
84103	2
84104	2
84111	4
84121	65
841217033	3
84150	58
841500010	1
84151	8
84158	3
84180	3
84705	1
84741	1
84771	1
85004	81
850041120	1
85009	1
85012	1
85016	18
85018	1
85020	1
85034	1
85038	4
85040	1
85042	2
85086	4
85150	1
85238	1
85248	2
85253	15
85254	7
852542497	1
85255	14
85258	4
85260	14
85261	3
85262	5
85269	1
85283	1
85327	3
85331	5
85340	1
85375	4
85377	3
85383	1
85645	1
85704	19
85713	1
85716	1
85737	3
85748	1
870479666	1
87112	30
87114	1
87401	1
87402	2
87501	2
87505	7
87506	3
87571	4
87594	1
88888	25
89014	1
89052	3
89074	1
89101	3
89103	7
891030128	1
89107	2
89108	1
89109	1
89117	7
89118	1
89120	3
891203751	2
89123	4
89135	2
89141	1
89145	5
89147	10
89148	1
89183	2
89502	1
89503	13
89521	1
89523	1
89704	2
90004	1
90010	45
90013	3
90014	1
90015	2
90016	1
90017	55
90020	1
90021	9
90024	15
90025	42
900257536	2
90027	4
90028	15
90031	5
90034	2
90035	6
90036	17
90038	4
90039	2
90040	25
900403308	1
90042	2
90045	10
90046	74
90048	13
90049	3
90058	13
90064	24
90065	7
90066	6
90067	51
900674114	1
90068	3
90069	47
90071	74
90077	5
90084	3
90091	1
90121	2
90201	1
90209	2
90210	39
90211	24
90212	41
90222	1
90230	14
90232	9
90237	1
90245	10
90247	1
90249	8
90250	2
90254	2
90263	1
90265	1
90266	14
90272	6
90274	3
90275	3
90277	1
90291	1
90292	2
90293	1
90295	1
90401	597
904012386	2
90402	51
90403	5
90404	34
90405	20
90406	2
90407	3
90420	1
90620	2
90630	1
90702	23
90703	13
90803	2
90804	2
90805	1
90806	10
90807	2
91001	5
91030	1
91040	2
91101	15
91104	1
91106	3
91107	4
91108	2
91201	135
912019999	1
91202	5
91203	3
91207	1
91221	1
91301	2
91302	4
91307	3
91311	1
91316	2
91326	2
91342	1
91344	1
91355	1
91356	7
91377	2
91403	37
91404	1
91405	10
91406	4
91411	1
91421	2
91423	32
91436	3
914366851	1
914771555	1
91505	1
91508	4
91521	84
915212656	2
91522	7
91549	1
91604	8
91605	3
91606	2
91607	2
91608	10
91710	1
91724	1
91731	1
91740	1
91748	3
91754	2
917570089	1
917625621	1
91765	1
917746812	1
91776	1
917831309	1
91789	2
91801	1
91935	1
91955	1
91978	1
92007	1
92008	14
92009	1
92011	11
92014	1
92024	3
92025	8
92029	2
92037	10
92046	1
920460069	1
920469114	1
92067	6
92075	19
92083	1
92101	2
92104	3
92107	1
92108	1
92109	1
92110	3
92116	1
92118	1
92121	7
92122	13
92126	1
92127	3
92130	8
922253	1
92227	1
92253	11
92270	1
92373	2
92392	2
924082862	1
92503	1
92606	2
92612	1
92614	17
92618	13
92619	1
92625	1
92630	7
92648	1
92651	18
92653	1
92656	14
926562686	1
92660	19
92663	2
92672	2
92675	2
92679	1
92691	1
92705	12
92707	2
9277	1
92780	1
92782	5
92840	1
92869	1
92880	1
92887	1
93003	1
93063	1
93065	3
93066	1
93067	3
93101	1
93103	3
93105	2
93301	5
93401	3
93607	1
93637	2
93638	2
93730	1
94002	5
94005	2
94010	2
94014	1
94023	2
94024	2
94025	9
94027	5
94040	1
94043	5
94061	2
94062	1
94065	3
94066	2
94080	6
94101	1
94102	1
94103	6
94104	32
94105	18
941052907	3
94107	17
94108	29
94108`	1
94109	8
94110	7
941102148	1
94111	49
94114	3
94115	2
94117	9
94118	7
94119	5
94121	1
94122	1
94123	5
94129	5
94132	4
94133	1
94138	3
94149	1
94301	30
94303	2
94306	5
94309	1
94401	1
94403	3
94507	1
94530	2
94533	1
94538	25
94546	2
94563	1
94568	40
94583	7
94596	4
94598	2
94607	1
94608	8
94611	1
94612	12
94702	5
94704	3
94707	1
94708	1
94801	2
948041440	1
94904	4
94920	1
94925	3
94941	2
94959	3
94970	2
95010	1
95014	7
95070	1
95112	1
95148	4
95370	1
95402	1
95472	9
95616	1
95691	1
95928	2
96040	1
96114	1
96146	2
96161	4
96740	3
96745	1
96813	3
96814	4
96825	3
96826	17
97005	4
97209	1
97210	1
97301	3
97702	1
97755	1
97759	2
98004	19
98005	5
98006	3
98009	1
98019	1
98027	21
98032	1
98033	9
98035	1
98036	1
98040	1
98041	1
98052	2
98070	2
98072	16
98101	20
981014407	3
98102	1
98103	2
98104	6
98109	12
98111	1
98118	1
98121	2
98124	7
98134	1
98161	1
98168	80
98382	1
98413	2
98466	1
98702	7
98707	1
98765	7
99701	1
99999	8
B\ZZZZZ\	1
H3W1H	1
I11011	1
`	1
`0029	1
`0301	1
`10027	1
