'LÏ¿½	3
0    0000	1
00000	53
000000	3
000000000	8
00001	441
00003	2
00005	1
0001	1
00011	3
00014	1
00023	9
00036	1
00045	5
00060	5
00101	10
001100004	1
001130075	6
001130077	8
00163	1
00192	2
00211	2
00218	7
00236	1
00289	6
00303	1
00357	3
00361	11
00377	1
00378	6
00379	1
006140054	2
00628	1
00646	1
006464803	2
00678	4
00700	3
00702	22
00712	3
00746	2
00760	1
00762	3
00769	3
00773	3
00787	3
00793	3
00807	1
00830	2
00881	1
00900	1
00979	3
01002	3
01004	4
01006	1
01014	6
01021	6
01030	1
01060	3
01062	1
01075	16
01078	3
01081	4
01085	30
01095	1
01102	2
01106	3
01109	16
01110	3
01111	13
01115	9
01121	2
01122	1
01130	2
01135	17
01136	5
01137	2
01138	2
01173	1
01190	6
01201	4
01209	1
01224	3
01226	2
01230	20
01238	2
01243	3
01254	8
01257	1
01258	14
01262	51
01270	2
01279	2
01282	5
01286	3
01301	1
01302	1
01307	2
01311	1
01312	7
01346	2
01356	3
01360	2
01373	1
01375	2
01379	2
01414	2
01416	4
01420	2
01432	1
01452	7
01461	5
01462	1
01467	1
01472	1
01475	13
01537	3
0154	2
01543	4
01570	2
01581	29
01603	1
01606	4
01608	3
01609	2
01701	39
017010328	2
017019328	3
01702	93
01730	3
01736	2
01741	17
01742	5
01752	4
01760	11
01772	2
01774	6
01776	3
01796	3
01801	24
01803	14
01810	2
01851	2
01852	5
01864	8
01866	2
01875	3
01879	3
01880	1
01881	1
01887	2
01907	6
01915	6
01945	13
01950	1
01951	8
01983	2
02019	7
02021	193
020219118	2
02024	3
02025	2
02026	64
02027	6
02035	3
02043	21
02048	1
02062	48
02067	2
02083	25
02093	3
02100	1
02101	1
02102	1
02103	1
02106	1
021062145	1
02108	12
02109	542
02110	227
02111	14
02114	26
02116	386
02117	12
02118	13
02131	1
02132	24
02136	1
02138	37
02139	4
02140	70
02142	1
02143	1
02145	6
02146	2
02148	1
02150	4
02154	4
02155	2
02158	7
02159	30
02160	2
02162	1
02163	2
02165	2
02166	2
02167	2
02168	12
02169	40
02178	1
02181	2
02184	4
02194	1
02195	11
02199	17
02202	2
02210	63
02254	2
02301	2
02302	7
02306	3
02331	4
02332	2
02338	1
02356	1
02365	2
02368	30
02370	3
02420	8
02421	6
02445	28
02446	1
02451	47
02453	4
02454	56
024549161	1
02458	50
02459	23
02461	60
02467	3
02468	3
02472	4
02478	26
02481	41
02482	2
02485	1
02492	36
02493	5
02494	1
02532	2
02575	8
02612	1
02638	2
02657	2
02667	5
02703	5
02767	1
02771	10
02779	6
027791906	5
02780	7
02806	8
02807	4
02810	10
02812	2
02813	2
02817	1
02818	192
02840	127
02860	1
02865	19
02875	1
02886	116
02888	6
02895	232
02898	8
02903	2
02905	108
02906	5
02909	3
02919	1
02920	19
029206032	1
02976	5
02985	2
03042	3
03053	8
03079	92
03101	3
03108	2
03222	1
03223	1
03276	4
03304	5
03339	1
03375	2
03393	1
03431	36
03458	8
03540	1
03602	8
03608	5
03734	2
03755	4
03773	13
03801	21
03820	12
03833	1
03842	21
03862	2
03885	1
03895	1
03948	1
04006	1
04011	2
04074	2
04094	3
04101	24
04105	9
04150	3
042252	2
04496	1
04531	1
04555	2
04642	7
04677	2
04752	1
04769	10
04808	3
04843	10
05091	1
05105	2
05155	1
05223	3
05251	1
05254	1
05255	4
05257	17
05340	1
05346	2
05352	2
05401	10
05403	24
05408	1
05461	2
05473	5
05482	2
05602	8
05604	2
056479660	3
05658	2
05672	2
05673	2
05674	7
05751	4
05818	4
06001	12
06002	1
06006	5
06008	2
06010	9
06013	10
06018	6
06023	19
06033	289
06037	3
06040	1
06051	8
06052	10
06053	6
06055	4
06058	5
06067	46
06068	22
06069	6
06071	1
06074	51
06079	2
06082	18
06085	3
06088	1
06092	2
06093	1
06095	5
06096	8
06098	5
06103	184
061033604	13
06105	37
06106	5
06108	8
06109	4
06110	9
06111	3
06114	4
06115	1
06117	22
06118	49
06134	4
06137	10
06150	1
06152	10
06154	5
06156	3
06183	5
06239	6
06268	5
06281	11
06325	9
06333	5
06339	5
063460028	2
06355	9
06357	23
06360	4
06371	6
06378	3
06379	2
06380	9
06386	2
06403	2
06405	8
06409	29
06410	22
06411	1
06412	8
06418	5
06419	35
06426	11
06430	144
06432	12
06437	5
06443	10
06447	3
06450	1
06457	3
06460	15
06467	2
06468	9
06470	3
06473	3
06477	14
06482	9
06484	22
06488	12
06489	2
06490	2
064901074	2
06492	2
06497	5
06502	12
06510	5
06511	186
06512	1
06514	6
06516	11
06520	2
065208297	2
06524	7
06525	38
065251717	5
06570	21
06602	3
06604	14
06605	5
06606	4
06607	23
06610	9
06611	24
06612	19
06615	1
06680	8
06701	1
06708	1
06710	1
06728	3
06752	3
06754	2
06755	5
06756	7
06759	2
06762	2
06776	35
06777	7
06783	3
06784	63
067842001	78
06785	2
06790	9
06793	7
06794	1
06801	4
06804	33
06807	41
06810	26
06811	23
06812	7
06813	10
068131966	3
06820	67
068205041	60
06821	4
06824	137
068241746	1
06825	33
0683	1
06830	913
068305300	4
06830;	1
06831	777
06832	5
06836	24
06839	2
06840	280
06850	18
06851	24
06852	26
06853	9
06854	45
06855	39
06856	75
068565620	12
068640	1
06867	1
06870	164
068702222	1
06871	2
06877	58
06878	56
06880	261
068801106	1
06881	13
06883	14
068832325	1
06890	59
06890203	1
06894	1
06896	14
06897	146
06899	1
06901	123
06902	269
069021010	1
06903	99
069035152	9
06904	29
06905	137
06906	14
06907	7
06927	1
06961	4
07000	3
07001	23
07002	758
070020000	4
070023909	1
070025006	1
07003	175
07004	115
07005	63
07006	130
07007	2
07008	232
07009	39
07010	166
07011	73
07012	106
07013	26
07014	44
070141069	5
070141553	1
07015	7
07016	167
07017	19
07018	9
07020	85
07021	23
07022	45
07023	10
07024	2014
070244630	2
070244988	7
070247547	2
07026	25
07027	12
07028	2
07029	15
07030	549
07031	28
07032	41
07033	11
07034	3
07035	15
07036	236
070360000	2
07037	2
07039	351
070390000	3
070391	1
070398234	1
07040	16
07041	69
07042	97
07043	19
07044	18
07045	21
07046	7
07047	972
07049	1
07050	26
07051	1
07052	313
070520000	21
07054	3392
070542722	5
07055	78
07056	2
07057	28
070571851	3
07058	50
07059	41
070592722	1
07060	84
070608	3
07061	25
07062	4
07063	7
07064	14
07065	17
07066	23
07067	14
07068	285
07069	50
07070	94
07071	117
07072	6236
07073	133
07074	16
07075	8
07076	298
070762700	7
07077	4
07078	459
07079	60
070790000	1
07080	543
07081	155
07082	40
07083	124
070836332	1
07084	3
07085	1
07086	65
070866927	1
07087	76
07088	20
07090	48
070905	1
07091	4
07092	26
07093	809
07094	860
070941515	3
07095	1183
070950915	5
070950961	3
07096	100
07097	3
070979800	1
07099	1
07101	5
07102	1853
071020	10
071020395	3
071022321	1
071023024	7
071023184	2
07103	2
07104	50
071040100	5
07105	221
071054709	2
07107	24
07108	32
07109	40
07110	46
07111	483
071110545	2
07112	5
07114	48
07120	3
07130	4
07152	1
07182	2
07190	3
07201	74
07202	10
07203	21
07204	121
07205	136
07206	29
07207	2
07208	102
07209	2
07210	10
07224	1
07241	3
07268	1
07285	3
07301	8
07302	994
073023118	1
073024699	6
07303	36
07304	84
07305	28
07306	207
07307	46
07309	25
07310	1133
073101007	1
073101616	36
073101680	9
07311	560
073114999	4
07331	5
07362	5
07363	2
07401	54
07402	5
07403	1
07404	2
07405	30
07406	3
07407	35
074070397	2
07410	154
07412	25
07416	5
07417	69
07419	20
07420	2
07421	11
07423	13
07424	58
07427	1
07428	4
07430	202
07431	2
07432	12
07435	23
07436	49
07440	3
07442	5
07444	7
07446	67
07450	46
07451	2
07452	77
074521433	1
07454	6
07456	10
07457	3
07458	162
07462	1
07463	19
07465	1
07466	4
07470	276
074707516	7
07471	11
07472	2
07474	30
07480	4
07481	18
07484	2
07492	4
07495	1
07501	12
07502	5
07503	112
07504	7
07505	4
07506	8
07508	46
07509	2
07511	12
07512	304
07514	39
07519	5
07531	2
07540	2
07549	1
07550	1
07553	3
07555	7
07562	2
07566	11
07572	3
07576	5
07600	3
07601	206
07601\	1
07602	6
07603	7
07604	49
076043050	1
07605	96
07606	77
07607	37
07608	110
07610	2
07620	156
076200533	2
07621	64
07622	1
07624	214
07625	15
076255305	1
07626	152
07627	67
07628	51
07630	66
076300302	4
07631	750
07632	1895
076320984	3
076321908	3
07635	2
07637	2
07640	41
07641	38
07642	62
07643	72
07644	81
07645	371
07646	37
07647	306
07648	119
07649	59
07650	79
07652	1537
076520910	5
076525103	3
07652`	1
07653	103
07654	6
07656	48
076560713	2
07657	114
07658	3
07660	55
07661	83
07662	92
07663	151
07666	760
07668	1
07670	313
07675	276
07676	59
076765122	4
07677	28
07681	19
07682	1
07683	1
07684	2
07688	1
07700	1
077002	7
07701	355
077015009	1
07702	24
07704	32
07710	17
07711	73
07712	50
07716	2
07718	19
07719	234
07720	7
07721	3
07722	76
077221409	1
07723	79
07724	319
077243317	1
07725	4
07726	310
077260000	24
077263631	2
07727	21
07728	369
077280000	2
077286924	2
07730	52
07731	63
07732	3
07733	588
077330000	14
077332530	5
07735	12
077350000	1
07736	10
07738	16
07739	9
07740	41
07743	1
07744	2
07746	254
077460000	10
077462121	3
077462433	9
07747	308
077470000	10
07748	88
07750	11
077501007	1
07751	241
077510000	2
077514649	3
077519525	1
07753	37
07755	92
07757	68
07759	3
07760	30
077600000	3
07762	24
07764	29
07771	4
07772	2
07773	4
077733	10
07779	3
07781	2
07782	2
07795	2
07801	18
07802	1
07803	2
07804	3
07821	1
07823	15
07824	1
07825	2
07826	4
07827	12
07828	11
07830	8
078310	1
07832	1
07833	2
07834	6
07836	4
07840	6
07843	1
07849	5
07851	9
078526209	3
07853	29
078530000	3
07856	1
07857	8
07860	132
07866	33
07869	24
07870	1
07871	80
07876	4
07882	1
07901	62
07902	69
07905	4
07906	7
07920	174
07921	776
07922	29
07923	2
07924	10
07927	7
07928	14
07930	1
07931	25
07932	368
07933	4
07936	46
07937	1
07938	2
07940	34
07940-10	2
07944	2
07945	84
07946	2
07948	17
07949	1
07950	23
07960	470
07961	1
07962	103
079621935	17
07963	5
07970	30
07974	73
07977	2
07980	23
07981	5
08000	1
08002	7
08003	15
080031905	2
08005	18
08008	12
08009	2
08010	20
08016	4
08019	6
08022	24
08034	129
080345400	2
08043	53
08046	2
08048	8
08050	23
080502890	1
08053	79
08054	695
08055	2
08057	22
08058	1
08060	2
08063	1
08065	25
08066	1
08070	1
08075	6
08077	7
08080	97
08081	4
08085	4
08087	9
08090	2
08092	2
08094	2
08096	17
08101	1
08102	1
08210	2
08215	2
08232	1
08234	4
082344864	3
08251	2
08302	5
08310	4
08330	16
08332	2
08360	2
08401	1
08406	4
08427	1
08501	2
08504	1
08508	4
08510	13
08512	50
08514	1
08520	41
08524	1
08525	7
08527	172
085279574	3
08528	7
08530	7
08533	2
08534	16
08535	7
08536	18
08537	2
08540	227
08542	165
085424601	2
08543	9
08550	222
085502420	3
085503528	1
08551	3
08552	8
08553	22
08554	6
08557	3
08558	66
08559	4
08561	9
08577	4
08609	4
08610	7
08611	7
08619	10
08648	18
086509800	1
08652	3
086520910	11
08690	11
08691	12
08701	775
087013333	1
08722	1
08723	35
08724	20
08730	4
08731	233
08735	1
08736	23
08738	15
08741	1
08742	9
08750	16
08753	22
08755	23
087550856	1
08757	6
08759	19
08773	1
08784	1
08800	1
08801	5
08802	10
08803	1
08805	2
08807	83
088076817	7
08810	16
08812	29
08813	2
08816	155
08817	479
08818	233
08820	184
088200000	5
088201401	1
088201806	1
08822	28
08823	2
08824	21
08827	4
08828	2
08830	138
08831	346
088310000	20
088318805	1
08832	11
08833	23
08836	7
08837	206
088372844	2
08840	60
08844	51
088440000	1
08846	2
08850	19
08852	8
08853	71
088533605	3
08854	103
08855	12
08857	62
088570000	1
08858	23
08859	20
08861	39
08863	11
08865	1
08869	6
08872	21
08873	62
08875	31
088755850	17
08876	59
088763733	4
08879	18
08880	1
08882	68
088821098	1
08884	19
08886	2
08888	3
08889	17
08901	9
08902	192
08904	30
089042701	9
08960	2
09004	2
09026	4
09054	1
09079	3
09080	2
09093	3
09124	4
09176	5
09292	1
09453	1
09742	2
09851	1
09909	3
1	16
1--19	2
100	12
100 4	2
1000	8
10000	2431
100000000	23
100001	11
100002	9
100003	8
100007	1
10001	64294
10001....	1
100010	9
100010000	3
100010016	3
100010035	2
100011	10
100011188	1
100011686	12
100011904	4
100012	9
100012062	4
100012115	139
100012125	1
100012382	6
100012499	2
100012601	1
100012813	2
100012886	15
100013	5
100013015	4
100013051	2
100013306	3
100013635	7
100013900	1
100014	2
100014010	5
100014103	12
100014105	3
100014146	5
100014191	4
100014212	4
100014423	4
100015006	5
100015012	5
100015232	1
100015304	1
100015404	3
100015926	1
100015992	4
100016	1
100016008	1
100016109	1
100016409	3
100016502	4
100016708	4
100016905	3
100017	24
100017701	1
100017708	1
100018	14
100019	18
100019998	7
10002	26006
100020000	3
100021	2
100021058	2
100021201	3
100021507	1
100021678	10
100022	5
100022245	6
100022410	3
100022802	2
100023	4
100023165	1
100023951	1
100024	3
100024417	2
100024431	4
100024521	1
100024900	1
100024938	3
100024952	2
100025	4
100025083	2
100025463	2
100025516	1
100025550	2
100026432	1
100026707	3
100027014	1
100027106	2
100027537	2
100028	11
10003	59082
100030000	2
100031205	1
100031211	1
100031239	6
100031304	6
100031402	96
100031420	1
100031479	2
100031503	147
100031604	1
100031752	1
100031943	2
100032138	2
100032139	2
100032178	2
100032537	2
100032893	1
100033303	5
100033386	3
100033451	2
100033502	11
100033598	3
100033635	25
100033912	3
100033922	3
100034	4
100034139	3
100034398	9
100034603	2
100034804	1
100035329	3
100036	28
100036151	2
100036154	5
100036811	11
100036907	3
100038	4
100038148	2
100038336	1
100038401	4
100038546	1
100039005	1
10004	17052
100041303	22
100041405	171
100041479	27
100041490	1
100041703	7
100041898	3
100041902	1
100042413	1
100042424	1
100042498	29
100042501	5
100042515	3
100042552	5
100044300	4
100047418	2
10005	12137
10005.	27
100051180	5
100051801	2
100051987	2
100052818	3
100052858	1
100053531	2
100053904	1
10006	11130
100061404	1
100061500	2
100061824	4
100061901	2
100062088	4
100062210	1
100063267	13
100063729	86
10007	56468
100070000	1
100071073	5
100071307	2
100071602	3
100072002	2
100072122	11
100072152	1
100072296	16
100072601	2
100072903	3
100072919	285
100072966	2
100073100	5
100073665	1
100073799	3
100075700	15
100076	1
10008	1167
100080133	2
100081668	1
100083392	3
100083445	4
10009	14986
100094024	1
100094444	2
100094507	2
100095149	2
100096008	1
100096102	3
100096412	5
100096689	1
100096912	3
100098106	2
10009N	11
1001	28
10010	33105
10010035	1
100101	1
100101026	3
100101505	3
100101710	2
100101824	4
100102007	3
10010212	1
100102906	1
100103601	1
100103603	1
100103690	2
100104298	2
100104501	2
100105224	6
100105509	1
100105901	1
100106033	7
100106124	4
100106212	5
100106801	1
100106902	1
100106990	2
100107220	2
100107812	2
100107999	8
100108	2
100108183	7
100108221	2
10011	44584
100110019	4
100110021	1
100111	3
100111253	9
100111908	6
100112	3
100112142	7
100112328	1
100112515	2
100112812	1
100113110	4
100114402	2
100114502	1
100114624	2
100114924	2
100115020	2
100115201	1
100115403	2
100115450	3
100115471	1
100115501	15
100115702	1
100115939	1
100116310	3
100116805	2
100116820	1
100117301	2
100117828	1
100117841	1
100118	1
100118306	2
100118388	5
100118601	8
100118602	4
100118701	2
100118838	2
100118856	2
100119	9
100119003	2
100119024	2
100119194	4
10012	43567
100121	3
100121019	4
100121112	3
100121133	1
100121137	5
10012126	3
100121293	1
100121451	1
10012212	2
100122124	2
100122317	12
100122504	1
100122927	1
100123154	2
100123255	1
100123305	6
100123351	7
100123840	2
100124203	2
100124228	3
100124406	2
100124408	2
100125319	6
100128	8
100129	1
10013	54138
10013.	2
100130	2
100130000	2
100130873	1
100130980	2
100131205	2
100131374	5
100131915	1
100132041	9
100132435	2
100132498	4
100132866	2
100132901	2
100132957	4
100133109	1
100133112	5
100133136	5
100133221	1
100133340	13
100133610	2
100134	2
100134521	1
100134756	3
100135119	1
100135559	2
100138	1
10014	28068
100140	1
100140001	1
100141001	19
100141004	1
100141023	1
100141405	3
100141535	1
100141558	2
100141859	3
100142042	6
100142126	4
100142202	2
100142565	11
100142575	24
100142619	16
100142621	4
100143233	29
100143272	6
100143401	1
100143736	1
100143841	1
100143926	2
100144010	1
100144057	1
100144143	1
100144502	2
100144831	2
100145002	5
100145102	5
100146124	2
100146205	3
100146326	3
100146907	4
100147	1
100147200	2
100147804	15
10015	914
100150035	1
10016	82278
100160000	9
100160003	1
100160006	2
100160200	1
100160615	5
100160914	1
100160958	1
100161001	4
100161101	27
100162	2
100162106	16
100162125	4
100162203	15
100162204	15
100162401	2
100162807	6
100162818	3
100162901	1
100163	2
100163306	2
100163700	4
100163903	3
100163912	19
100163998	8
100164859	11
100165	1
100165000	3
100165010	1
100165300	12
100165329	1
100165339	12
100166401	2
100166497	1
100166993	10
100167303	6
100167474	1
100168108	2
100168188	1
100168344	2
100168410	1
100168806	3
100168808	1
10017	111104
100170	1
100170000	2
100170003	1
100171	2
100171001	7
100171014	7
100171111	6
100171822	4
100171921	1
100172014	7
100172024	2
100172070	4
100172084	3
100172301	1
100172413	1
100172414	1
100172512	1
100172513	15
100172593	8
100172615	8
100172643	1
100172803	1
100172906	1
100172988	4
100173144	1
100173162	2
100173425	1
100173500	2
100173808	4
100173888	29
100173891	2
100173910	1
100174087	3
100174089	3
100174146	31
100174179	4
100174201	1
100174403	1
100174661	6
100174917	1
100175404	1
100175405	44
100175529	7
100175617	17
100175700	13
100175704	13
100175755	2
100175806	18
100176318	2
100176754	67
100176764	1
100176819	2
100177801	1
100177928	2
100178167	3
10018	54773
100180829	2
100180891	1
100181681	1
100181801	2
100182260	2
100182301	1
100182706	47
100182788	11
100183	2
100183045	3
100184502	1
100185258	1
100185401	1
100185705	1
100186229	3
100186354	3
100186523	2
100186556	6
100186701	1
100187566	1
100189	5
100189420	1
10019	102838
100190000	2
100190098	3
100190118	2
100191	8
100191001	7
100191008	1
100191104	22
100191105	1
100191118	1
100191183	3
100191423	4
100191442	2
100191457	1
100191506	6
100191562	12
100191599	2
100191903	1
100191972	2
100192143	1
100192925	78
100192938	2
100193	1
100193090	2
100193300	14
100193412	81
100193800	3
100194001	3
100194315	10
100194403	4
100194701	2
100194800	4
100195094	28
100195151	2
100195200	8
100195220	2
100195401	1
100195404	1
100195414	5
100195498	2
100195502	2
100195900	5
100196001	3
100196002	2
100196099	9
100196100	3
100196102	16
100196173	2
100196178	7
100196698	9
100198200	14
100198420	2
10019\	3
1002	29
10020	9583
100201006	11
100201095	3
100201132	3
100201579	7
100201701	2
100201903	12
10021	63281
100210	2
100210026	3
100210150	1
100210407	1
100210612	1
100210849	2
100211	3
100211020	12
100211164	2
100211903	2
10021212	1
100212419	2
100212712	1
100212740	2
100212760	3
100213	4
100213132	1
100213138	1
100213518	1
100214105	3
100214170	1
100214322	1
100214395	4
100214574	4
100214799	7
100214907	1
100214941	10
100214944	2
100215007	3
100215259	1
100215704	5
100216309	1
100216361	2
100216399	4
100216654	3
100217286	4
100217332	1
100218142	1
100218165	5
100218402	5
100219	16
10022	125496
100220000	5
100220002	1
100221	1
100221010	3
100221054	3
100221106	1
100221108	2
100221302	8
100221304	14
100221379	5
100221503	4
100221654	3
100221833	3
100221939	5
100222	1
100222001	3
100222141	1
100222222	3
100222267	2
100222399	2
100222405	3
100222411	2
100222519	4
100222549	1
100222599	3
100222605	2
100222606	1
100222746	1
100222785	1
100222822	6
100223042	7
100223204	56
100223205	1
100223211	2
100223540	12
100224	4
100224112	3
100224147	8
100224209	11
100224212	2
100224213	8
100224303	3
100224405	1
100224501	3
100224608	1
100224834	1
100224986	26
100225	5
100225202	2
100225501	3
100225616	1
100226	2
100226000	1
100226113	2
100226222	1
100226445	9
100226771	8
100226903	5
100227513	1
100227661	31
100227819	2
100228011	4
100229501	2
10022LILI	3
10023	45507
10023.	25
100231736	1
100232200	1
100232301	1
100232901	6
100233235	2
100233344	1
100233703	2
100233801	2
100234005	1
100234458	4
100235503	2
100235802	1
100235882	2
100235915	1
100235928	2
100236583	1
100236585	2
100236610	2
100236728	2
100237035	4
100237088	1
100237204	17
100237402	1
100237606	8
100237703	6
10023\	3
10024	28862
100240219	2
100241326	1
100241513	4
100241732	1
100241752	2
100242219	2
100243	2
100243545	4
100243637	3
100243671	1
100243837	2
100244532	7
100244803	1
100245192	21
100245507	3
100245701	2
100245934	2
100246025	1
100246605	2
100246642	1
10025	19904
100251747	1
100252	3
100252180	2
100252759	3
100252956	12
100253	3
100253181	51
100253539	1
100253908	2
100254456	9
100254474	2
100255022	5
100255060	3
100255860	2
100257343	2
100257355	5
100257510	5
100257514	3
100259313	3
10026	4048
1002611	7
100262500	2
100262520	1
100262521	1
100262928	4
100263819	5
100264025	2
100264270	5
10027	18378
100272125	2
100273707	1
100273827	8
100273916	3
100274689	4
100274711	58
100274803	2
100275123	5
100275136	2
100275170	5
100275400	1
100275510	5
100275534	3
100275546	4
100276254	3
100276308	5
100276909	3
100277125	38
100277803	3
100277804	2
100278	2
10028	23416
100280007	4
100280016	2
100281031	3
100281061	4
100281068	3
100281901	4
100282000	3
100282167	1
100282951	7
100283901	12
100285701	1
100287	1
100287309	2
100287363	1
100287902	3
10029	11488
100290000	1
100292937	2
100293320	3
100293543	6
100293816	5
100294006	2
100294171	7
100294651	2
100295611	1
100296474	4
100296574	34
100296810	14
1003	43
10030	2609
100300602	1
100301331	1
100301407	2
100301656	1
100301976	3
100302105	2
100302606	5
100302746	2
100303418	7
100306	1
10031	4929
100311101	2
100312453	26
100314802	1
100315302	2
100316403	3
100316732	2
100317727	2
100318616	3
10032	7259
100321	1
100321040	1
100323784	3
100325037	2
100326585	1
10033	6835
100330595	11
100331144	2
100332050	2
100332069	2
100335015	1
100336739	7
10034	2749
1003417	1
100347132	1
10035	5151
100351536	1
100351571	3
100352021	5
100357858	2
100358	1
10036	61107
100360000	5
100361412	8
100361424	3
100361503	2
100361517	3
100361912	3
100362304	5
100362336	1
100362604	2
100362766	1
100362859	9
100363301	4
100363303	10
100364015	2
100364086	7
100364603	1
100364905	5
100365403	4
100366451	3
100366645	32
100366710	11
100366715	143
100367	2
100367414	10
100367703	2
100368299	2
100368499	2
100368502	8
100368517	4
100368621	6
100368701	3
100368960	30
10037	1622
100373704	5
100378	1
10038	106024
100380000	2
100381	1
100381003	23
100381013	1
100381027	4
100381514	10
100381619	788
100381715	4
100382125	5
100382304	1
100382697	2
100383427	3
100383706	1
100383901	6
100384000	1
100384811	2
100388	3
10038\	1
10039	1847
100393302	6
100393311	1
1004	9
10040	1865
100401406	1
100401420	1
10041	1860
10042	102
10043	480
10044	595
10045	66
100456	4
10046	40
10047	27
10048	408
100480682	1
10049	28
1005	2
10050	201
10051	52
10052	14
10053	38
10054	89
10055	122
10056	36
10057	29
10058	21
10059	8
1006	12
10060	14
100601	7
10061	14
10062	31
10063	43
10064	22
10065	17234
100650000	2
100650278	4
100652618	1
100654870	1
100655805	2
100655827	1
100655853	19
100656001	3
100656158	5
100656307	1
100656550	1
100656650	5
100656691	4
100657033	1
100657205	4
100657210	1
100657253	2
100657270	2
100657286	10
100657367	1
100657380	9
100657614	1
100657705	3
100657755	2
100658001	5
100658017	3
100658099	12
100658116	1
100658140	1
100658165	51
100658194	1
100658401	2
100659308	1
10066	69
10067	15
10068	70
10069	1145
100690801	1
1007	31
10070	63
10071	27
10072	23
10073	28
10074	37
10075	4718
100750000	5
100750191	5
100750709	2
100750914	1
100751007	4
100752230	1
10076	42
10077	20
10078	68
10079	21
10080	259
10081	1626
100816500	1
10082	17
10083	18
10084	9
10085	4
10086	17
10087	14
10088	10
10089	4
1009	4
10090	1
10091	29
10092	3
10093	9
10094	25
10095	10
10096	18
10097	5
10098	2
10099	2
100O7	1
101	8
10100	30
10101	181
101010653	6
101019	3
10102	31
101022	7
10103	3577
101030001	14
101030084	12
10104	1618
101040044	16
101046178	180
10105	186
10106	3187
10107	1456
101071612	1
101072312	2
101078	10
10108	69
10109	48
1011	9
10110	2562
101100001	16
101100002	2
101100397	4
101102402	3
10111	7458
10112	825
10113	132
101130940	10
101131540	2
10114	8
10115	505
101150028	2
101151940	2
101155	5
10116	374
101163030	1
10117	81
10118	3722
101184810	2
101185999	2
10119	5707
101190018	2
101190098	59
101190118	9
101190698	1
101191599	2
101193595	7
101194199	1
101194798	7
101199	3
1012	3
10120	887
101202115	2
10121	1066
101210091	3
101211201	2
10122	835
10123	2950
10124	35
10125	105
10126	27
10127	47
10128	16984
101280000	1
101280020	4
101280603	2
101280607	2
101281237	18
101281243	1
101281248	5
101281331	4
101281599	15
101281733	1
101282204	1
101282508	1
101282567	4
101283705	7
101283711	1
101285037	3
101285515	5
101285547	3
101285703	2
101285800	7
101286024	4
101287062	1
101287803	1
10129	42
10130	2
10132	7
10133	3
10134	7
10135	2
101353	1
10136	49
10138	12
10139	2
1014	1
10140	25
10141	19
10142	4
10143	1
10145	37
10148	3
10149	1
10150	278
101501197	2
10151	2068
101510099	2
101511250	5
10152	1029
101520110	2
101520192	1
10153	2932
10154	11642
101540004	7
101540101	2
10155	3249
101550002	4
101550035	3
101552123	10
101552798	2
101555	3
10156	310
101561851	2
10157	20
10158	256
101581899	4
10159	108
101591142	3
1016	5
10160	87
10161	10
10162	14
10163	269
101632284	8
10164	11
101645	2
10165	7239
101650006	4
101650015	1
101650150	4
101652108	3
101653003	5
101653109	8
10166	4022
101660396	2
10167	1159
101670094	14
10168	1619
101680002	4
101681694	5
10169	3627
101690019	1
101690095	5
101690124	2
1017	5
10170	12554
101700002	3
101700499	1
101700900	1
10171	3965
10172	3749
101720003	6
101720124	2
10173	700
10174	1120
101740208	3
10175	1714
10176	846
101760001	3
101762799	1
101762901	3
10177	570
10178	1486
10179	86
1018	1
10180	4
10181	11
10182	2
10183	3
10184	2
10185	61
101855456	2
10188	7
1019	3
10192	6
10199	58
10200	65
10201	69
10202	4
10203	4
10204	4
10205	21
10206	2
10207	13
10208	12
10209	15
10210	19
10211	4
10212	1
10213	4
10214	13
10215	10
10216	2
10217	17
10218	48
10219	4
1022	10
10221	7
102210030	13
10222	122
10224	10
10227	8
10228	7
1023	1
10231	1
10233	11
10235	6
10236	9
10237	8
10238	1
10245	2
10249	3
1025	3
10254	1
10255	2
10256	2
10257	1
10258	5
10260	64
102600023	18
102600060	6
10262	2
10265	14
10266	1
10267	2
10268	26
102681406	3
10269	2
1027	3
10270	648
10271	86
102710015	2
10272	76
10273	2
10274	90
10276	109
102760183	1
102761250	3
10278	2057
10279	663
10280	1088
10281	3952
102810648	3
102811003	7
102811021	29
102811023	13
102811097	3
10282	907
10283	2
10285	585
102854300	2
10286	642
10288	1
10289	1
10292	6
10296	1
10297	7
103	5
10300	76
103005	2
10301	10583
10301.	1
103010	3
103010000	47
103010008	1
103010306	7
103011105	1
103011131	1
103011716	2
103011858	2
103012	2
103012023	3
103012654	3
103013057	1
103014237	2
10302	4433
103020000	38
10303	3651
103030000	124
103031	2
10304	15084
103040000	65
103041260	13
103042140	2
103042409	1
103042724	3
103042751	3
103043002	3
103043005	1
103043850	3
103044299	6
10305	19663
103050000	372
103051219	1
103052661	2
103052724	14
103053112	2
103054202	10
103054899	2
10306	21234
103060000	360
103061342	2
103061411	2
103061556	2
103061933	1
103064260	7
103064953	1
103065414	5
103065736	4
103065743	4
103065924	4
103067777	2
10307	7728
10307.	5
103070000	195
103072018	2
103079030	2
10308	8000
103080000	258
103081415	2
103082414	49
103083322	1
10309	19728
103090000	1236
103090322	3
103091119	2
103091769	1
103091913	2
103092327	3
103093613	4
10310	6526
103100000	53
103101699	6
103102309	3
10311	23
103110000	1
103112	2
10312	26997
10312.	1
103120000	557
103121407	1
103121626	1
103122831	1
103125003	2
103125827	9
103126103	1
10313	612
103137613	32
10314	31528
103140000	783
103140023	6
103140028	2
103141412	1
103141695	4
103143023	4
103143309	2
103145036	4
103145612	1
103145678	1
103145803	5
103146008	1
10314R	3
10315	22
10316	10
10317	15
10318	18
10319	13
10320	3
10321	4
10322	7
10324	1
10325	1
10328	1
10329	1
10330	11
103305	11
10331	14
10332	2
10334	1
10335	1
10336	30
10338	6
10340	1
10341	14
10342	4
10344	3
10345	7
10346	3
10347	2
1035	25
10350	19
10352	4
10353	5
10354	15
10355	3
10356	6
10357	6
10358	4
103583058	2
10359	5
1036	1
10360	8
10361	6
10362	2
10363	2
10364	3
10365	11
10366	6
10367	8
10368	7
10369	2
10370	12
10373	2
10375	7
10377	3
10378	10
10385	3
10386	1
10394	1
10398	1
10399	4
103999999	2
10400	149
10401	45
10402	5
10403	23
10404	11
10405	383
10406	21
10407	12
10408	7
10409	15
10410	4
10411	8
104112	2
10412	30
104121811	1
10413	2
10414	7
10415	8
10416	34
10417	5
10418	3
10419	15
10420	8
10421	15
10422	14
10423	5
10424	3
10425	14
10426	24
10427	15
10428	8
10429	1
10430	21
10431	9
10432	34
10433	13
10434	9
10435	16
10436	21
10437	91
10438	15
10439	5
10440	1
10441	4
10442	1
10443	8
10444	10
10445	12
10446	9
10447	5
10448	4
10450	285
10451	4494
104515153	5
104515603	1
10452	3388
104528	1
10453	3837
104532201	2
104535904	1
104537692	5
10454	4341
104540000	5
104541116	4
104541723	5
104542023	1
104542103	1
104543419	3
10455	3758
104551	3
104551722	2
10456	4708
104561045	2
104562	14
104562103	1
10457	9522
104570161	3
104571045	2
104572594	14
104577188	1
10457\	2
10458	8794
104583011	3
104583708	1
104585126	3
104585138	13
104585149	1
104585175	3
104586699	1
104586701	4
104587105	2
104587851	2
104588742	1
104589993	2
10459	4145
104593635	3
10460	5008
104601046	1
104601419	2
104602074	5
104603254	2
104606004	2
10461	14022
104611419	1
104612736	41
104612738	5
104612808	2
104614617	4
104615718	3
104616106	4
104619476	2
10461NY	6
10462	10990
104620387	2
104622	2
104624297	18
104624805	2
104625319	1
104626207	1
104627168	1
104628000	4
10463	10028
104631126	4
104633617	3
104633901	3
104635500	5
104635691	2
104639975	14
10464	1685
104641	2
104641231	1
104641316	1
104641342	1
104645	2
104646317	5
10465	9058
104650000	4
104651118	2
104651137	3
104651271	1
104651514	5
104651702	3
104656301	2
10466	8102
104662232	1
104665512	1
104665812	1
10467	9432
10467'	3
104672490	2
104672981	1
104674004	1
104675700	1
104677903	2
10468	3811
104681958	1
104682068	2
104683001	53
104683306	3
104684145	2
104685206	6
10469	8081
10469210	2
104692502	2
104692620	1
104693025	2
104694603	17
104695220	1
104695240	2
104695408	7
104695631	2
1047	2
10470	2365
104700273	3
104701054	1
104701322	1
104701422	2
104701820	4
104702201	2
10471	7032
104710126	1
104710268	1
104710370	3
104710403	34
104711046	1
104711093	4
104711200	2
104711225	26
104711233	4
104711501	1
104711716	1
104711807	2
104711910	1
104712043	1
104712108	1
104712602	3
104712999	4
104714800	2
10472	5292
104720034	2
104722305	1
104722902	1
104723021	2
104723103	2
104724415	2
10473	11256
104730070	9
104734299	1
104734914	2
10474	7209
104740034	1
104746805	2
10475	3696
104751	1
10476	56
10477	28
10478	39
104785	21
10479	125
10480	178
10481	6
10482	1
10483	29
10484	4
10485	1
10486	1
10487	40
10489	6
1049	1
10490	2
10491	4
10492	1
10494	7
10495	11
10496	7
10497	15
10499	1
10500	3
10501	29
10502	269
105020625	2
10503	33
10504	201
10505	82
10506	135
10507	201
105071219	2
10508	28
10509	163
105090009	2
10510	367
105101414	3
10512	142
10514	166
10516	37
10518	2
10519	21
10520	151
10521	5
10522	253
10523	841
105232413	2
10524	35
10526	27
10527	13
10528	1349
105281635	2
105283138	3
10529	1
1053	4
10530	4674
105300722	3
105301053	1
10532	925
10533	83
10534	2
10535	51
10536	167
105363800	3
10538	2708
105381626	1
105383048	1
105383058	16
105384221	1
10540	17
10541	195
10542	38
10543	1064
105434207	1
10544	1
10545	36
105454	2
10546	37
10547	30
10548	9
10549	564
105490660	1
105492503	3
105493635	2
1055	1
10550	4050
105500	2
10551	15
10552	285
10553	1483
105532	2
105537215	4
10554	1
10555	4
10556	14
10557	7
10558	4
10559	2
1056	21
10560	77
10561	42
10562	328
105628	1
10563	13
10565	14
10566	59
10567	139
10568	9
10569	7
10570	254
10571	8
10572	9
10573	1251
105732828	1
105733351	2
105734534	3
105734674	4
10575	20
10576	180
10577	717
105772554	3
10578	11
10579	32
10580	1064
105801451	8
105801910	5
10581	17
10582	7
10583	3291
105832909	2
105833907	4
105835152	4
105837538	2
10584	3
10585	57
10586	9
10588	7
10589	60
10590	97
10591	734
10592	3
10593	15
10594	36
10595	156
10596	21
10597	8
10598	383
10600	5
10601	1755
106011911	16
10602	88
10603	440
10604	589
10605	1924
106053409	1
10606	949
106061933	2
10607	328
10608	19
10609	12
10610	2
106109991	5
10611	1
10612	3
10613	2
10615	97
10616	2
10619	2
10621	1
10630	8
10636	1
10640	2
10641	7
10642	61
10643	8
10646	3
10647	1
10648	7
10649	3
1065	2
10650	1
10655	16
10659	71
10660	4
10661	6
10683	1
10684	2
10687	1
10688	1
10693	6
10700	10
10701	2719
107010000	2
10702	27
107020847	9
10703	638
10704	2168
107041855	3
107044116	1
107044335	2
10705	2018
107053343	2
10706	142
10707	719
107071070	1
107072216	2
10708	1205
107082501	1
107087013	1
10709	553
10710	1020
10711	1
10713	5
10714	2
10716	1
10717	4
10720	5
10725	3
10726	10
10734	1
10736	1
10740	18
10741	15
10742	18
10744	2
10745	4
10747	2
10749	2
10753	9
10756	6
10758	1
10759	5
10760	3
10761	6
10762	1
10763	2
10764	7
10767	1
10768	2
10770	10
10771	4
10773	5
10774	1
10775	2
10779	5
10780	1
10784	3
10795	6
10801	5333
108013400	1
10802	28
10803	751
108038490	3
10804	634
10805	554
10806	10
10807	4
10808	3
10809	5
10810	7
10811	5
10812	9
10816	1
10823	2
10825	30
10833	7
10835	20
10840	2
10841	2
10842	6
10845	2
1085	1
10853	7
10859	3
10860	3
10880	6
10888	2
10890	1
10894	2
10895	1
10900	14
109001	2
10901	480
10902	5
10903	4
10904	4
10905	3
10906	7
10907	1
10910	4
10911	1
10912	2
10913	48
10914	10
10916	5
10917	20
10918	93
10919	13
10920	42
109202139	1
10921	87
10922	8
10923	13
10924	20
10925	26
10926	29
10927	9
10928	19
10929	2
10930	11
10940	37
10941	42
10945	4
10947	8
10949	21
10950	347
10952	1066
109520150	1
109520215	3
109522610	2
109523331	3
10953	4
10954	277
10955	1
10956	632
10957	3
10958	5
10959	11
10960	355
10961	3
10962	145
109622104	1
109622624	1
10964	94
10965	133
109651142	8
109651502	1
10966	5
10967	1
10968	19
10970	110
10972	2
10974	9
10976	7
10977	535
10980	16
10982	78
10983	86
10984	12
10985	9
10987	15
10989	80
10990	73
10992	10
10993	21
10994	400
109941739	3
10998	3
10III	4
11	18
11000	79
110001	3
11001	8288
110011	6
110011126	1
110011423	2
110011424	1
110011515	12
110011803	2
110012711	52
110013	1
110017	16
110018	2
11002	246
110021	5
110023	1
110025	4
110027	2
110028	2
11003	1743
110031	8
110034031	2
110036	5
11004	5822
110041155	1
110041210	9
110041230	2
110041445	2
110041529	2
110041620	25
110044	2
11005	337
11006	54
11007	16
11008	12
11009	14
1101	4
11010	698
11011	112
11012	102
110121247	1
11013	69
11014	35
11015	2
11016	105
110160205	7
11017	60
11018	57
11019	82
1102	1
11020	1628
110201	6
110201405	15
110201627	3
11021	19337
110210000	1
110210213	10
110211247	3
110211430	3
110212213	4
110212640	1
110213044	2
110213104	2
110213108	3
110213760	4
110214029	5
110214209	2
110214300	1
110214445	2
110214803	2
110215030	1
110215102	6
11022	781
11023	3666
110232016	3
110232206	3
110234019	2
110234128	1
11024	3098
110241416	4
110241503	1
110241905	5
110242003	12
11025	18
11026	68
11027	114
11028	84
11029	64
110293002	1
11030	5216
110301806	3
110302142	4
110302230	8
110303224	6
110303945	1
110304031	11
110307	11
11031	41
11032	42
11033	12
11034	17
11035	71
11036	87
11037	4
11038	188
11039	1
1104	3
11040	6641
110401211	3
110401550	1
110401708	1
110402	9
110402036	2
110404710	2
110408545	3
11041	4
11042	5435
110420020	11
110421011	4
110421032	4
110421081	2
110421085	25
110421205	1
110425031	1
11043	19
11044	14
110440	1
11045	7
110452	1
110455	4
11046	20
110463	3
11047	14
11048	2
11049	1
1105	3
11050	2213
110500105	1
110501616	2
110502221	3
110503512	1
11051	54
11052	1
11053	22
11054	2
11055	14
11056	9
11057	8
11058	4
11059	8
1106	2
11060	2
11062	3
11063	9
11064	2
11065	12
11066	10
11068	7
11069	2
11071	11
11072	5
11073	3
11074	2
11075	20
11076	1
11080	1
11081	6
11083	8
11086	2
11090	2
11091	6
11092	8
11093	1
11095	1
11096	354
11097	4
11098	2
111	7
1110	2
11100	43
111002	7
1110029	1
11101	120241
111010000	16
111010402	1
111011042	1
111011154	5
111011606	2
111011702	3
111011730	1
111011802	1
111011804	4
111011950	5
111012002	1
111012018	1
111012112	2
111012115	1
111012211	1
111012392	2
111012616	3
111012908	2
111013045	1665
111013054	1
111013405	1
111014003	3
111014009	1
111014106	3
111014107	1
111014132	11
111014312	3
111014408	3
111014513	2
111014705	2
111014835	3
111014924	4
111015000	4
111015001	7
111015018	4
111015306	9
111015319	1
111015605	1
111015832	3
111016815	5
111016816	1
111017076	13
111017094	1
111017187	6
111017879	1
111018000	3
11101\	2
11102	8845
111020000	1
111021	3
111021128	1
111021139	1
111022444	2
111023249	11
111023435	3
111023843	1
111025021	2
11103	12637
111031112	3
111031123	1
111033331	2
111034004	2
111034006	1
111034545	2
111036122	6
111037625	4
11104	3292
111040632	2
111041220	2
111041502	2
111043163	3
111043305	1
111043920	4
111045217	1
11105	11046
111052014	3
111052017	2
111052101	2
111052107	2
111052501	2
111052710	1
111052899	3
111052932	3
111053101	2
111053201	1
111053515	1
111055516	4
11106	9685
111060000	6
111060172	7
111061011	2
111061206	1
111061801	2
111062531	2
111062649	1
111063208	4
111063405	1
111064035	1
111064528	4
111064903	1
111065107	4
111065121	3
11107	54
11108	23
11109	303
1111	1
11110	456
111102	1
111103	3
111104	2
11111	4327
111111	6
111111111	8
11112	56
1111221	2
11113	8
1111355	2
1111357	3
11114	23
1111427	4
11115	1
11116	6
11118	14
11119	2
11120	525
111200049	1
111201	16
111204	5
111208	4
111209	3
11121	76
111210	3
111211	3
111213	3
111215	2
111219	19
11122	99
111222	3
111228	6
11123	67
111230	3
111235002	5
11125	9
11127	1
11128	22
11129	10
11130	11
11131	6
11132	8
11133	6
11134	7
11135	33
111354	2
111357	1
11136	57
111360	3
111366	5
111367	3
11137	30
111373	1
111374	1
111375	3
111377	4
111378	3
111379	1
11138	16
11139	2
11140	8
11141	10
111415	1
111417	1
111418	1
11142	28
11143	93
111432	2
111434	2
111435	9
11145	7
11146	2
11148	4
11149	11
1115	3
11150	15
11151	6
11152	1
11154	61
11155	8
11157	22
11160	2
11161	2
11163	1
11164	2
11165	23
11167	1
11169	8
111691	5
111693	8
11170	5
11172	2
11173	34
11174	5
11175	9
111756	1
11176	4
11177	11
11178	5
11179	2
11180	5
11181	2
11191	7
11192	2
11198	5
112	15
1120	3
11200	277
112000000	2
112009	4
112009000	2
11201	45000
112010000	6
112011	2
112011000	4
112011114	2
112011120	1
112011174	3
112011600	86
112011634	1
112011641	3
112011698	1
112011769	2
112011811	2
112012177	3
112012202	8
112012371	5
112012483	13
112013502	4
112013515	3
112013536	3
112014182	3
112014195	2
112014275	2
112014400	2
112014508	2
112014608	2
112015000	1
112015002	3
112015040	1
112015046	1
112015323	12
112015713	2
112015884	1
112016110	1
112016310	2
112016643	7
11201`	1
11202	722
112020674	2
112021	2
112022495	5
11203	7602
112030520	2
112031809	1
112031891	3
112034204	2
112035319	1
112035608	1
112036	1
11204	24363
11204.	7
112040000	4
112040010	1
112041112	4
112041122	1
112041154	1
112044749	4
112045706	1
11205	16918
112051054	1
112051108	9
112051120	2
112051202	6
112052413	4
112053307	2
112053704	26
112054034	5
112054083	3
112054530	2
11206	11722
112061733	1
112064403	2
112064508	1
112065902	4
11207	8221
112070000	6
112071023	2
112071120	2
112071905	1
112072203	1
112072413	1
112072617	2
112073414	1
112073516	3
112074909	2
112077013	3
112078417	2
112079710	1
11208	7927
112081701	5
112082009	3
112083026	1
112083914	2
112085413	5
112087879	3
11209	18879
112090000	20
112091925	2
112092401	2
112092807	4
112092844	1
112094220	3
112094308	1
112094315	6
112094504	5
112095702	1
112095712	4
112095804	1
112096208	3
112096604	9
112097009	1
112097507	1
112098307	2
1121	16
11210	12599
112100255	7
112100744	2
112100837	11
112101	3
112102025	1
112102153	1
112103	2
112104	14
112104515	3
112104521	5
112105309	3
112105324	2
112105410	1
11211	47597
112110016	2
112110028	1
112110388	2
112111	42
112111704	3
112112	1
112112009	1
11211229	1
112112423	4
112112604	1
112113002	5
112113604	1
112113635	1
112114001	14
112116031	10
112117311	1
112117806	1
112118119	3
112118171	1
11212	5243
112120000	1
112121658	1
112123198	11
112125634	2
112127617	18
11213	7630
112131122	16
112131166	3
112132001	2
112134329	8
112134337	3
112135127	1
11214	15539
112140000	1
112141714	1
112142201	2
112143005	3
112143210	2
112145821	4
112145907	1
112146001	3
112146501	2
112146930	2
112147	2
112149	1
11215	27820
112150182	1
112150417	4
112150721	2
112151909	2
112152205	3
112152207	9
112152372	2
112153208	4
112153401	4
112154103	1
112154912	2
112155302	4
112155413	1
112155414	1
112155803	1
112155810	1
112156	1
112156007	2
112156010	3
112156018	3
112156309	2
112157126	2
112158427	2
112158428	2
112158865	4
11216	10206
112160000	1
112161702	1
112161802	2
112162012	2
112162533	2
112163401	2
112163517	5
112163905	4
112164005	5
112168659	3
11217	15695
112171121	3
112171131	1
112171204	1
112171486	3
112171659	1
112171812	1
112171999	4
112172017	4
112172018	1
112172208	3
112172418	4
112172820	2
112172959	3
112173116	2
112173208	1
112173303	3
112173606	6
112173616	3
11218	15846
112181207	3
112181417	1
112182003	8
112182135	1
112182417	4
112183005	1
112184313	1
112184917	2
112185708	6
11219	36462
112190000	7
112190008	3
112190366	1
112191408	2
112193011	5
112193420	1
112194924	1
112195416	2
112196023	6
112196309	1
112199	1
112199997	13
11220	24787
112200	1
112201034	3
112201109	2
112201122	5
112201299	3
112201307	6
112202721	2
112203	1
112203611	2
112203821	2
112204903	2
112205009	2
112205109	3
112205609	2
112206	3
112206840	4
112207	3
112208008	1
11221	9028
112211	2
112211002	5
112211111	4
112211303	2
112211903	1
112212	1
112212404	2
112212527	4
112212818	3
112215215	7
112219	1
112219900	1
11222	23336
112220	5
112220000	4
112221	5
112221103	2
112221916	3
112222	11
112222028	1
112222307	2
112222425	1
112222534	1
112223	2
112223113	1
112225	6
112225827	1
112226	4
11223	22915
112230000	23
112231805	1
112232	1
112232232	6
112233	3
112233737	2
112235	12
112235145	3
112235350	6
112235502	2
112235547	1
112236	2
112238522	1
11224	4885
112241301	1
112241308	1
112241313	5
112241321	1
112241326	1
112241437	2
112243504	1
112243510	1
11225	6333
112250110	1
112251337	30
112252215	3
112253432	2
112254006	1
112258	4
11226	7349
112260000	4
112261302	7
112264505	13
112265696	7
112265961	2
112267478	19
11227	168
11228	13726
112280000	4
112280006	2
112280269	1
112281144	2
112281217	1
112281608	2
112281901	1
112282324	8
112282420	2
112282708	1
112282711	1
112282924	2
112283012	2
112283903	6
11229	17808
112290000	3
112290314	4
112290372	8
112291122	5
112291679	4
112291738	1
112292534	4
112293208	1
112293310	4
112294313	9
112294413	2
112295127	5
112295129	5
112296054	1
112296087	1
112298	5
1123	1
11230	22741
112300000	1
112300539	4
112300625	2
112301	1
112301113	5
112302102	2
112303300	1
112303404	10
112303865	3
112305402	1
112305590	2
112305852	2
112305958	1
112306405	10
112306407	21
11231	17982
112310000	2
112311213	1
112311828	6
112312846	3
112313009	4
112313502	2
112313503	2
112313703	2
112313719	2
112314012	10
112314624	1
112314704	3
112314712	4
112314784	4
112314822	3
112315071	3
112315257	1
112315917	2
11231P	3
11232	10684
112320000	1
112321	3
112322713	1
112323	1
112323510	5
112326	46
11233	7260
112331305	3
112331775	5
112334	2
112334324	3
112335	1
11234	17899
112340000	8
11234212	9
112342943	2
112343605	1
112345	3
112346404	4
112346421	2
112346648	1
112346702	4
112346724	2
112346900	33
112346917	6
11235	21718
112350000	9
112351099	2
112351123	2
112352008	2
112352112	5
112352611	1
112354850	3
112355041	1
112357279	3
11236	7348
112360000	9
112361013	5
112361719	3
112363513	2
11236371	3
112363728	1
112365319	11
112365466	1
11237	8668
112371225	1
112371521	2
112372309	3
112374443	1
112375804	2
112375819	4
112375911	2
112376122	4
11238	13644
112380000	7
112381002	1
112383133	3
112383405	6
112383446	2
112383622	1
112384002	6
112384428	3
112385603	2
112386054	1
112387	2
112387772	1
11239	1450
112392810	13
11240	71
112401313	1
11241	531
112411003	2
11242	1026
112421108	2
11243	297
11244	17
11245	389
112450005	3
11246	28
11247	16
11248	56
11249	4568
112493096	3
112493609	1
11250	9
11251	19
11252	10
11253	21
11254	38
11255	36
11256	15
11257	13
11258	18
11259	3
1126	2
11260	6
11261	15
11262	10
11263	10
11264	14
11265	76
11266	3
11267	37
11268	12
11269	20
1127	11
11270	22
11271	17
11272	27
11273	40
11274	30
11275	53
11276	3
11277	17
11278	33
11279	13
1128	22
11280	4
11281	5
11283	2
11284	11
11285	20
11286	7
11287	1
11288	205
11290	7
11291	42
11293	3
11294	5
11296	5
11298	5
11299	114
112O5	1
11300	38
11301	24
11302	38
11303	28
11304	40
11305	28
11306	17
11307	17
11308	49
11309	13
11310	22
11311	23
11312	75
11313	46
11314	59
11315	39
11316	28
11317	50
11318	28
11319	8
11320	56
113200000	1
11321	68
113212369	2
11322	38
11323	52
11324	23
11325	105
11326	29
11327	39
11328	24
11329	12
11330	13
11331	4
11332	11
11333	5
11334	22
11335	107
113357	2
11336	42
113366	28
11337	52
11338	10
11339	9
11340	5
11341	15
11342	49
11343	55
11344	20
11345	371
11346	73
113468	1
11347	78
11348	18
11349	4
1135	2
11350	40
11351	100
113519331	2
113519991	1
11352	163
11353	112
11354	31131
113541262	4
113542201	1
113542328	10
113543	2
113543137	1
113543324	4
113544263	2
113545516	2
11355	21938
113551	2
113551109	2
113551310	3
113551509	4
113551604	2
113552126	9
113552213	1
113552227	2
113552451	6
113552458	2
113553518	2
113554113	1
113555	4
113555026	1
113555095	4
113555307	4
113555900	1
11356	9343
113560000	4
113561003	8
113561211	2
113561742	6
11356433	4
11357	22417
11357.	3
113570000	1
113571145	4
113571427	12
113572124	2
113572420	1
113572744	4
113572757	1
113573040	1
113573133	2
113573644	2
113577762	1
11358	14948
113581717	5
113582527	1
113582625	6
113582934	4
113583	2
113583131	1
113583305	2
113583666	5
113583710	2
113583904	1
113583912	5
113589	2
11359	66
1136	8
11360	6008
113601122	3
113601187	4
113601653	1
113602403	3
113602951	14
113604025	3
113604735	2
11361	15754
113610000	1
113610418	2
113610441	2
113611151	2
113611964	1
113612083	1
113612224	2
113612438	1
113612626	6
113612747	1
113613024	4
113613037	2
113613316	2
113613461	1
113613601	2
11362	9239
113621136	1
113621152	4
113621253	1
113621401	4
113621711	4
11363	6083
113631122	2
113631525	1
11364	12184
11364 286	1
113640674	1
113641411	6
113641629	10
113641632	1
113641912	3
113641926	1
113642045	1
113642136	2
113642431	7
113642618	1
113643013	3
113643241	3
113643538	2
113643637	3
11365	14946
113650185	4
113650456	3
113651705	3
113651834	2
113653205	2
113653540	1
113655552	8
11366	7743
113660064	4
113661274	1
113661303	13
113661408	3
113661616	1
113661703	2
113661713	3
113666	1
11367	11600
113671339	5
113671345	1
113671930	10
113673123	1
113673128	2
113676703	2
113678	1
11368	23013
113681136	2
113681443	27
113682529	1
113683924	2
113685017	8
113685107	107
113689903	1
11368SDSD	14
11369	4926
113691	9
113691013	2
113691414	3
113691835	2
113692208	3
113694663	1
1137.	1
11370	5103
113700564	10
113701177	2
113701629	1
113705189	1
11371	122
113710019	1
113710473	2
11372	12082
113720061	2
113720069	2
113720072	5
113721534	2
113722905	3
113723	2
113723339	6
113724820	2
11373	19883
113731059	3
113731318	5
113731735	4
113733729	2
113734425	2
113734555	7
113735107	27
113737	16
11373\	7
11374	14312
113741027	2
113741828	1
113741964	6
113742029	1
113742036	1
113742929	1
113743317	303
113743453	4
113743454	13
113744764	1
113745211	4
113748069	3
113748093	15
11375	31456
113750000	6
113750311	11
113751048	1
113751244	1
113751408	1
113753200	2
113753929	1
113753936	1
113755320	2
113755725	2
113755839	2
113755934	3
113756731	4
113757044	1
113757052	2
113757182	7
113757200	23
113757201	1
11376	243
11377	17096
113770000	10
113772125	3
113772223	2
113772332	1
113772424	3
113772538	5
113772760	2
113773541	4
113775054	1
113775928	3
113776026	2
113776346	2
113776720	1
113777	2
113777202	1
113777408	2
113777900	6
11378	13917
113780000	6
113781036	19
1137811	2
113781207	1
113781404	2
113781616	3
113782230	6
113782825	2
113782947	2
113783460	3
113785	3
11379	7552
113791211	2
113791321	1
113791953	3
113792838	4
113792853	1
113795315	1
11380	142
11381	6
11382	23
11383	4
11384	32
11385	16795
113851046	5
113851094	2
113851854	2
113852622	3
113853252	13
113855221	1
113855350	2
113855701	4
113856115	1
113857522	1
113857625	1
113857923	2
11386	162
11387	36
11388	47
11389	10
11390	1
11391	1
11392	5
11393	2
11394	4
11395	14
11396	7
11397	33
11398	11
11399	12
11400	6
11401	30
11402	86
11403	12
11404	33
11405	123
11406	7
11407	2
11408	3
11409	12
11410	26
11411	2536
114110038	1
114110427	1
114111434	1
114112121	8
114117	3
11412	4052
114121	5
114121232	4
114122004	4
114127776	1
11413	5742
114131841	2
11414	7989
114143049	2
114143112	1
114143404	2
114143538	1
114143942	1
11415	9602
114151107	2
114152708	3
114158	1
11416	5735
114161233	3
114162616	3
11417	6452
114171404	1
114172101	2
11418	13839
114180065	1
114181321	3
114181751	3
114181914	8
114182426	2
114183314	3
114183482	7
11419	17516
114190902	1
114190906	13
114191018	2
114191112	1
114191138	7
114191141	7
114191218	5
114191717	1
114191904	1
114192104	16
114192117	4
114192339	1
114192349	1
1142	16
11420	11786
11420  19	2
114201347	1
114201429	2
114202319	3
114202514	1
114202819	1
114203510	2
114207755	5
11421	4826
114210456	2
114211257	3
114212844	1
114212900	1
114213	9
114217	22
11422	8696
114220000	1
114221030	3
114222557	3
11423	11576
114231043	1
114231142	2
114231301	2
114231919	4
114231970	2
114237	2
11424	162
11425	95
11426	8351
114260	6
114261326	2
114261825	1
114262114	1
114262419	1
114262612	4
114264411	4
11426\	1
11427	5166
114271019	3
114271228	9
114271416	4
114271816	2
114272198	9
114272413	2
114272513	2
114272718	3
11428	7821
114280563	1
114281709	9
114281712	1
114281921	1
114282017	4
11429	4152
114291733	3
114292000	3
114292435	1
11430	362
11431	172
114311368	4
11432	24322
114321436	6
114321442	2
114321808	1
114322132	1
114323042	3
114324634	1
114324647	3
114325215	4
114325519	2
114325613	1
114325768	2
114325825	2
114327	1
11433	4108
114331326	1
114331486	1
114332	5
114332102	2
114332634	2
114334022	2
114334112	1
114334137	2
11434	10432
114343704	2
114344221	1
114344837	2
114345	25
114345958	2
114347	3
11435	26044
114351224	1
114352557	1
114353103	2
114353329	3
114354503	3
114354718	1
114355302	1
114356361	192
11435718	1
11436	6132
114361426	14
11437	53
11438	53
11439	682
11440	1
11441	15
11442	63
11443	48
11444	16
11445	1
11446	9
11448	7
11449	2
11450	7
11451	29
11452	21
11453	61
11454	32
11455	10
11456	24
11457	35
11458	14
11459	6
11460	80
11461	21
11462	38
11463	22
11464	2
11465	94
11466	6
11467	18
11468	21
11469	18
11470	33
11471	11
114719	1
11472	40
11473	38
11474	55
11475	57
11476	8
11477	45
11478	6
11479	4
11480	12
11481	17
11482	4
11483	4
11485	38
11486	2
11489	2
11490	8
11491	8
114913131	2
11493	1
11494	9
11496	1
11497	2
11498	3
11500	5
11501	1964
115010111	5
115013122	9
115014402	11
115014642	4
11501O	3
11502	25
11503	1
11504	21
11505	9
11506	7
11507	1222
115070000	2
115070094	8
115070111	2
115070139	3
115071503	9
11508	167
11509	725
115090271	15
115091406	3
11510	823
11511	4
11512	5
11513	4
11514	788
115141865	1
11515	5
11516	3198
115160297	5
115161120	2
115161926	2
115169000	5
11517	14
11518	275
11519	15
11520	506
115201205	1
11521	6
11522	11
11523	50
11524	6
11525	2
11526	2
11528	13
11529	3
11530	4903
115301418	12
115301673	4
115303150	2
115303219	4
11531	15
11532	12
11533	11
11534	31
11535	9
11536	42
11537	35
11538	18
11539	1
1154	20
11540	13
11541	13
11542	541
11543	31
11544	5
11545	1658
115452808	4
115453313	1
11546	7
11547	151
115470401	6
11548	368
115480382	13
115488	1
11549	9
11550	1242
115500000	6
11551	5
11552	839
115522122	6
11553	280
115533645	6
11554	737
115541551	1
115541702	1
11555	47
11556	301
115560001	12
115560112	2
115561425	1
11557	1176
115570150	14
11558	109
11559	1367
115591802	2
11560	373
11561	858
115611607	8
11562	32
11563	744
115630419	2
115632574	2
115634018	1
11564	26
11565	172
11566	1217
115660102	4
115660112	2
11567	20
11568	975
115687	1
11569	29
11570	2410
115702710	1
11571	228
115710448	1
11572	597
11573	52
11574	8
11575	74
11576	2214
115761431	1
11577	2885
115770000	3
115770086	1
115770399	2
115771269	3
115771834	14
115772016	2
115772515	4
11578	4
11579	184
1158	1
11580	3504
115802526	1
115806124	1
11581	2086
11582	353
11583	24
11584	13
11585	2
11587	7
11588	38
11589	54
11590	2305
115900179	2
11591	35
11592	11
11593	3
11594	11
11595	2
11596	1683
11597	10
11598	2903
11598.	1
115980513	2
115982163	1
11599	7
1160	3
11601	18
11603	31
11604	7
11605	3
11608	2
11609	2
11610	4
11611	2
11612	1
11613	2
11614	8
11615	5
11616	2
11617	4
11618	3
11619	53
11620	4
11621	8
11627	1
11629	4
11630	14
11631	26
11632	7
11633	5
11634	7
11635	2
11636	12
11637	2
11638	2
11639	10
11640	3
11641	5
11642	1
11643	1
11645	1
11647	5
11649	2
11650	3
11651	2
11652	2
11653	3
11654	18
11656	5
11657	8
11658	2
11661	5
11663	1
11665	1
11667	1
11669	32
11671	15
11673	11
11674	1
11675	5
11677	2
11678	7
11679	4
11680	1
11682	8
11683	4
11684	2
11685	1
11687	4
11688	15
11690	59
116900417	2
11691	5516
116911703	1
116911929	1
116913780	2
116914813	1
116915305	7
116915410	8
11692	3668
116921054	3
11693	2957
116931123	10
11694	6359
116940000	5
116941009	8
116941018	2
116941149	8
116941228	3
116941334	2
116941524	2
116941617	6
116941619	5
116941628	2
116941839	3
116945010	2
11695	34
11696	155
11697	8031
11697BPCO	2
11698	17
11699	4
11701	199
117011197	2
11702	40
11703	49
11704	2313
117042928	5
11705	12
11706	580
117060	1
11707	5
11709	154
11710	767
117104726	2
117109701	2
11711	1
11712	40
11713	36
11714	665
117143469	1
11715	9
11716	105
11717	311
117171336	1
117175587	2
11718	29
11719	16
11720	84
11721	74
11722	92
117229026	2
11724	111
11725	469
117250280	7
117256021	1
11726	27
11727	62
11728	2
11729	258
117290662	9
11730	283
11731	411
11732	93
11733	56
11734	18
11735	1124
117351512	2
117351577	3
11736	3
11737	15
11738	42
11739	8
11740	64
11741	33
117410000	1
11742	13
11743	1374
117431042	4
11744	9
11745	16
11746	1590
117464922	1
11747	2578
117473851	4
117474003	4
117475086	3
11748	6
11749	216
1175	1
11750	95
11751	14
11752	237
11753	9669
117530115	3
117531006	5
117531125	2
117531657	5
117531681	10
117532000	1
117532803	3
117536	1
117538905	1
11753\	2
11754	53
11755	61
117552850	3
11756	273
11757	228
117572911	10
11758	766
117581548	1
1176	1
11760	4
11761	4
11762	152
11763	208
11764	107
11765	17
11766	47
11767	17
11768	297
11769	16
11770	4
11771	608
117710255	6
117711	3
11772	48
11773	118
11774	33
11775	3
11776	50
11777	52
11778	34
11779	269
11780	37
11781	3
11782	25
11783	242
11784	22
11785	6
11786	1
11787	584
11788	813
11789	8
11790	27
11791	2775
117910020	10
117910327	5
117915501	2
117919618	2
11792	13
11793	351
117931042	3
11794	9
11795	63
11796	4
11797	550
11798	34
11799	5
11801	825
118013217	8
118013908	2
118014244	3
11802	37
11803	1774
118031604	6
118031658	2
118031731	13
118032301	2
118032807	1
118034020	1
118034951	2
11804	100
118040407	3
11805	3
11806	11
118066110	1
11807	5
11808	3
11810	2
11813	3
11814	4
11815	2
11818	18
11821	18
11823	3
11824	5
11829	2
11835	2
11849	2
11850	2
11851	4
11853	2
11857	1
11858	1
11860	3
11861	6
11865	1
11867	19
11870	1
11875	2
11876	19
11877	1
11878	6
11880	2
11885	2
11888	1
11891	8
11892	6
11893	2
11894	6
11896	3
11901	10
11903	6
11904	2
11907	133
11913	4
11914	1
11918	3
11921	7
11929	2
11930	50
11931	1
11932	27
11933	18
11934	22
11935	45
11937	98
11938	1
11939	7
11940	67
11940.	1
11941	6
11942	27
11944	17
11946	71
11947	12
11949	6
11950	21
11951	6
11952	203
11953	13
11954	9
11955	7
11956	1
11957	41
11958	57
119580453	1
11959	14
119591119	3
11960	33
11961	87
11962	17
11963	53
11964	23
11965	29
11967	42
11968	106
119683721	3
11969	22
11970	9
11971	52
11973	1
11975	49
11976	33
11977	5
11978	40
11979	1
11980	3
11984	1
11990	1
11991	3
11996	2
12000	1
1200016	1
12001	18
120012	1
12003	6
12009	1
1201	1
12010	1
12011	1
12012	2
12013	3
12016	1
12017	10
12019	7
12020	5
120250100	2
12031	2
12032	1
12034	2
12037	1
12042	3
1205	1
12054	124
120541398	4
120541938	1
12057	4
12058	3
12059	1
12060	2
12061	4
12065	22
12074	3
12075	1
12083	1
12084	3
12090	4
12091	3
12106	13
1211	1
12110	14
121103514	1
12111	10
12118	1
12119	2
12121	5
121210	1
12123	6
12136	4
121416	3
12143	1
12144	13
12146	1
12147	7
12151	1
12154	1
12158	2
12159	11
12161	2
12163	3
12165	3
12167	1
12180	7
12184	10
12186	2
12187	4
12188	200
12189	2
12190	1
12201	26
12203	28
12204	6
12205	12
12206	12
12207	479
122072964	13
12208	13
12209	6
12210	12
12211	10
12213	2
12214	6
12215	16
12216	2
12217	14
12218	14
12220	1
12221	2
12222	27
12223	64
12224	4
12225	2
12226	7
12228	6
12229	7
1223	1
12230	3
12231	4
12232	1
12233	10
122337017	7
12234	3
12235	21
12236	2
12237	2
12238	3
12240	3
12242	55
12243	1
12245	1
12246	72
12250	17
12260	3
12302	2
12304	3
12305	3
12306	6
12307	12
12308	19
12309	1
12312	3
12315	3
12319	6
12322	2
1234	2
12341	3
12342	4
12344	2
12345	52
12346	1
12351	1
12353	6
12354	6
12356	2
1236	2
12364	1
12368	1
12374	3
12375	9
12378	2
12385	4
12401	32
12402	1
12404	12
12409	4
12413	1
12414	7
124142110	1
12422	1
12428	12
12430	1
12431	7
12432	2
12435	1
12446	11
12448	7
12455	4
12456	1
12457	3
12461	8
12463	3
12464	4
12466	2
12468	4
12469	3
12470	1
12471	2
12477	27
12484	7
12492	2
12495	6
12496	6
12497	3
12498	13
12500	2
12502	5
12503	5
12508	33
12514	2
12518	14
12524	23
12525	2
12526	2
12528	15
12529	2
12531	2
12532	2
12533	33
12534	7
12537	3
12540	11
12542	2
12545	11
12546	17
12548	1
12549	12
12550	103
12551	1
12552	3
12553	8
12559	2
12561	28
12563	9
12564	8
12566	14
12567	13
12569	27
12570	16
12571	13
12572	49
12574	1
12575	2
125755203	2
12578	5
12580	6
12581	11
12582	7
12583	6
12586	2
125860677	2
12589	22
12590	77
12601	39
12603	31
12604	1
12669	1
12693	2
12701	6
12721	48
12736	3
12737	3
12748	2
12754	10
12759	2
12760	2
12764	4
127640017	4
12765	6
12771	3
12775	48
12776	2
12777	1
12779	8
12780	1
12785	1
12788	4
12789	3
12790	64
12791	1
12803	5
12804	5
12809	1
12811	7
12816	3
12817	1
12827	6
12835	2
12842	2
12845	4
12865	2
12866	19
12890	3
12902	1
12903	1
12926	35
12934	1
12936	2
12946	15
12953	2
13001	3
13002	4
13005	10
13006	1
13007	4
13008	4
1301	4
13010	8
13012	7
13014	17
13021	4
13024	9
13026	1
13029	3
13035	19
13037	2
13045	10
13057	5
1306	5
13066	5
13088	25
1309	1
13090	3
13104	19
13112	4
13114	1
13118	2
13120	1
13127	3
1314	4
13157	1
13160	1
13161	1
13179	5
13202	19
13203	6
132030000	4
13206	1
13209	18
13214	8
13244	1
13246	2
13255	6
133	1
13315	2
13323	1
13339	3
13344	2
13350	6
13355	6
13357	2
13366	1
13372	1
13375	2
13377	6
13385	10
13401	4
13405	3
13410	1
13413	19
13438	3
13440	5
13459	4
13465	1
13469	5
13502	3
13503	6
13510	1
13517	3
13541	6
13555	4
1356	3
1357	1
13570	3
1358	2
1360	3
13601	3
13637	3
1367	1
13677	3
13678	1
1373	2
13733	2
13753	3
13755	1
13756	1
13757	10
13767	4
13777	1
13780	2
13783	7
13808	2
13815	1
13820	2
13842	5
13844	1
13846	2
1385	17
13850	5
13856	1
13865	2
13901	12
13902	2
13978	1
13979	1
140017	1
14016	1
14020	8
14039	10
14043	46
140463	2
14048	6
14052	9
14054	1
14063	4
14066	10
14067	2
14068	4
14069	14
14077	3
14086	3
14111	1
14118	2
14119	3
1412	2
14120	1
141211	5
14127	12
14137	1
14141	10
14142	2
14150	5
14171	2
1418	2
14201	1
14202	20
14203	50
14209	3
14211	1
14214	3
14215	6
14221	24
14224	6
14226	2
14240	1
14267	1
14333	3
14343	4
1435	3
14355	1
14379	2
14411	3
14432	7
14445	2
14456	3
14468	3
14471	4
14526	3
14534	107
14537	1
14563	5
14564	1
14570	2
14580	4
14601	5
14604	13
14607	2
14608	1
14609	7
14610	7
146103362	3
14616	3
14618	28
1463	4
14654	1
1474	2
14810	1
14830	4
14845	5
14850	29
148505115	1
14851	3
14853	4
14865	1
14871	2
14872	2
14889	1
14902	2
14905	11
15038	3
15098	1
15101	3
15102	8
15108	26
15143	4
151439558	2
15198	3
15213	9
15217	24
15219	52
15222	33
15225	7
15232	5
15237	3
15238	4
152382445	3
15241	2
1530	4
15301	7
15317	22
15385	4
15501	1
15514	1
15522	3
15555	5
15577	3
15584	2
1559	1
15598	5
1563	4
15706	4
15767	1
15870	4
16037	1
16118	1
16126	4
16148	15
16153	2
16169	4
16228	1
16237	2
16272	4
16295	1
16303	3
16312	2
16318	5
16360	2
16365	1
16471	1
16474	2
16509	43
16704	1
16803	78
16991	3
17006	1
17010	1
17011	137
17013	7
17016	4
17022	1
17024	1
17033	2
17042	5
17058	1
17070	91
17101	23
17102	57
17103	2
17105	9
17112	1
17113	1
17135	1
17195	4
17201	6
17203	1
17257	2
17324	7
17365	5
17402	18
17405	20
174057036	3
17464	5
17517	3
17543	2
17601	2
17602	3
17605	2
17632	8
17642	2
17670	1
17707	1
17710	1
17712	3
17740	2
17756	1
17768	1
17787	1
17792	8
17797	1
17814	1
17815	3
17837	2
179761226	2
17980	3
1801	1
18013	2
18015	11
18016	1
18017	11
18018	22
18031	11
18036	4
18042	2
18044	3
18051	16
18058	3
18064	4
18072	4
180720000	4
18077	1
18083	1
18101	6
18103	5
18104	2
18106	6
18107	1
18109	7
18201	5
18210	1
18236	8
18301	8
18302	1
18322	3
18324	9
18325	1
18326	1
18328	5
18330	3
18335	3
18337	13
18343	10
18344	10
18347	4
18352	4
18360	15
18370	3
18372	4
184050035	2
18414	5
18415	2
18426	5
18428	21
18431	20
18443	3
18444	5
18466	3
18504	3
18505	2
18508	2
18510	15
18527	1
18543	3
18602	3
18610	2
18660	4
18702	5
18704	7
18706	3
1872	1
18817	5
18840	15
18853	1
18854	1
18901	1
18929	6
18938	10
18940	4
18947	2
18951	8
18953	1
18954	13
18960	1
189630522	1
18966	1
18977	16
19000	5
19001	2
19004	39
19006	53
19007	7
19008	2
19009	2
190096	1
19010	21
19014	2
19015	2
19017	1
19020	12
19025	39
19027	13
19029	4
19035	7
19040	3
19041	267
19042	1
19044	35
19046	31
19047	155
19050	7
19051	1
19053	29
19061	11
19063	49
19064	5
19066	4
190661297	3
19067	73
19072	20
19073	10
19085	24
19087	308
19090	2
19096	197
19098	1
19100	2
19101	1
19102	41
19103	315
191031699	1
191031895	7
191037598	2
19104	75
191042868	6
19106	34
19107	102
19109	3
19110	1
19111	1
19112	2
19114	4
19115	2
19116	1
19118	3
19119	4
19120	3
19123	23
19124	8
19127	6
19128	2
19129	2
19131	7
19132	308
19135	21
19144	5
19146	25
19148	1
19151	3
19165	3
19166	1
191950001	1
19248	3
19281	3
19302	1
19305	69
19310	1
19312	40
19314	1
19317	1
19335	2
19340	4
19341	3
19348	3
19352	4
19355	72
19380	5
19381	53
19382	2
19395	2
19396	1
19399	3
19403	12
19406	78
19422	43
19428	68
19429	3
19437	6
19454	4
19457	2
19458	16
19460	5
19461	3
19462	180
194621644	1
19463	6
19464	1
19465	23
19466	1
19467	33
19471	4
19473	3
19482	28
19484	1
19496	1
19501	9
19506	3
19528	1
19529	2
19552	2
19565	12
19573	2
19577	3
19603	13
19610	193
19701	1
19709	3
19710	2
19713	6
19720	1
19801	26
19803	1
19805	10
19806	2
19807	3
19808	17
19810	2
19884	1
19894	1
19901	17
19904	12
19911	3
19912	5
19914	1
19918	12
19919	4
19921	15
19922	1
19923	66
19924	4
19925	1
19927	4
19928	3
19929	1
19930	2
19931	1
19934	1
19936	4
19938	7
19951	1
19965	12
199656001	2
19973	1
19991	2
19992	4
19995	4
19999	1
1OO21	3
20	2
20001	59
20002	17
20003	3
20004	39
20005	48
20006	11
20007	21
20008	2
20009	33
20010	1
20011	8
20012	59
20013	3
20015	44
20016	32
20017	4
20021	4
20022	3
20023	2
20024	63
20026	3
20031	2
20033	5
20036	82
20037	58
20038	10
20040	2
20058	6
20065	1
20115	6
20120	39
20128	2
20135	6
201427640	3
20151	2
20152	3
20154	1
20166	32
20170	4
20171	13
20174	2
20175	4
20186	3
20190	21
20191	41
201937289	1
20195	30
20212	6
20215	2
20228	5
20255	1
20260	33
20304	3
20333	1
20335	5
20410	72
20419	8
20454	1
20460	1
20461	3
20462	2
20463	1
20472	2
20520	1
20528	2
20533	6
20534	2
20577	2
20607	11
20646	4
20703	2
20706	5
20720	6
20723	5
20746	2
20747	7
20748	2
20766	2
20770	3
20772	2
20782	2
20785	2
20804	2
20814	355
20815	44
20816	21
20817	261
208171109	3
20841	13
20850	5
20852	51
208524041	12
20854	97
20855	10
20878	11
20886	6
20901	62
20902	1
20903	1
20906	17
20910	35
20914	17
20917	1
20960	7
20962	1
20991	3
21001	1
21029	1
21030	45
21031	2
21040	4
21042	3
21043	2
21044	64
210443456	2
21046	7
21050	5
21075	1
21076	14
21078	1
21085	4
21093	22
21108	2
21114	11
21115	2
21116	1
21117	6
21120	4
21121	2
21122	2
21132	1
21153	5
2116	8
212  2436	2
212  8637	4
212 32568	1
21201	49
21202	4
21203	2
21204	41
21206	2
21207	2
21208	6
21209	10
21210	9
21212	18
212224409	3
212238580	1
21224	2
212247148	2
212263023	1
212267300	2
21230	8
212302982	4
212306755	1
212310390	2
21236	6
212387490	4
212390060	4
212431947	2
212434599	2
21244	7
212440519	6
21246	1
212467880	1
212471395	1
212473628	3
212484893	1
212547147	2
212550500	1
212625599	1
212678994	1
212715633	4
212733100	5
212755440	1
212775301	4
212775305	4
212826760	1
212837490	3
21286	1
212864657	2
212865502	1
212865649	4
212868600	2
212868637	1
212929864	2
212966920	7
212978070	1
21401	43
21403	15
21554	1
21601	4
21613	3
21635	24
21701	3
21702	64
217020951	3
21703	6
21704	5
21719	3
21801	1
21826	5
21842	7
21875	3
21915	5
21964	1
22003	62
22012	42
22015	4
22021	2
22030	2
22031	4
22032	4
22033	3
22037	188
22042	192
22060	8
22066	28
22090	22
22101	16
221013803	3
22102	55
22107	1
22116	1
22117	9
22124	2
22150	1
22151	43
22170	1
22180	3
22182	1
22186	2
22192	36
22201	8
22202	14
22203	250
222031861	38
22205	11
22209	16
22222	1
222222	1
22304	3
22306	2
22311	1
22312	3
22314	5
22317	2
22318	1
22320	2
22323	3
22328	1
22329	5
22332	2
22354	2
22360	1
22373	32
22405	13
22414	1
22428	3
22477	1
22502	1
22526	1
22560	4
22581	3
22601	7
22646	27
22694	1
22747	1
22801	3
22902	6
22904	1
22911	3
22932	1
22936	3
22980	10
23011	1
23058	2
23059	8
23060	31
23072	1
23076	5
23103	1
23111	9
23178	10
23219	73
23226	8
23228	1
23233	3
23234	3
23320	45
23322	2
23324	12
23450	1
23451	5
23452	69
23464	3
23510	16
23602	7
23607	144
23608	1
23693	14
23704	1
23851	2
24012	45
24019	1
24061	1
24116	2
2528	1
25505	2
25701	6
25801	9
25901	1
26505	2
265172321	1
267030300	3
26906	3
27106	10
27217	1
27244	11
27249	6
27312	11
27408	4
274090300	9
27410	1
27429	1
27498	2
27511	6
27513	3
27514	2
27515	2
27516	5
27517	2
27518	2
27519	6
27529	1
27573	1
27603	5
27613	3
27614	9
27615	180
27707	13
27804	19
27834	16
27856	2
28021	2
28027	7
28078	1
28117	4
28134	4
28173	1
28203	1
28208	10
28209	7
28212	1
28216	25
28217	1
28226	5
28244	3
28255	1
28260	3
28262	9
28270	4
28273	2
28277	22
28301	1
28306	1
28312	2
28314	2
28374	5
28379	1
28433	2
28443	5
28461	1
28555	1
28590	2
28656	3
28659	46
28665	9
28677	2
28690	1
28697	15
28722	3
28734	1
28779	3
28782	1
28787	1
28805	1
28806	3
29020	7
29073	3
29108	4
29202	2
29204	1
29223	3
29302	131
293025189	1
29303	28
29306	45
29334	2
29401	1
29405	2
29406	5
29445	2
29451	4
29485	1
29487	2
29488	1
29501	6
29566	1
29572	2
29601	6
29602	5
29621	1
29676	1
29715	8
29716	6
29728	3
29802	1
29815	1
29909	3
29910	1
29926	1
29928	12
30004	2
30005	41
30009	2
30013	4
30022	8
30030	4
30038	2
30041	6
30058	2
30060	1
30062	20
30064	3
30066	1
30067	45
30076	31
30084	4
30087	5
30088	5
30093	24
30094	3
30096	3
30097	6
300974093	2
30106	2
3010600	2
30126	2
30144	32
30202	3
30212	1
30213	6
30228	1
30238	2
30239	1
30253	4
30260	1
30296	2
30303	15
30305	175
30308	12
30309	4
303097706	16
30312	1
30318	9
30319	13
30320	1
30324	2
30326	67
30327	28
30328	25
30330	12
30331	9
30333	2
30337	6
30338	13
30339	273
303394024	7
30340	6
30342	57
30346	9
303462149	12
30348	1
30349	1
30350	4
30360	1
30379	2
30427	1
30508	6
307	3
30720	4
30808	4
30901	1
30905	1
31044	2
31204	2
31320	3
313786871	1
31401	19
31412	15
31645	2
31708	1
31803	1
31904	32
31906	12
319061623	1
31908	7
32028	3
32069	1
32073	9
32080	8
32082	1
32084	10
32114	5
32117	10
32118	12
32119	3
32127	1
32128	4
32129	2
32137	2
32162	2
32164	2
32176	3
32202	19
32203	5
32206	1
32216	5
32223	2
32246	2
32256	1
32257	6
32276	4
32312	2
32436	1
32444	2
32562	10
32566	1
32641	1
32659	1
32665	4
32681	7
32691	1
32701	4
32703	6
32707	3
32708	4
32709	2
32714	15
327141291	1
32721	19
327210127	23
32724	15
32726	3
32744	3
32750	1
32762	4
32765	2
32779	16
32789	5
32792	12
32801	28
32803	2
32806	5
32809	12
32810	3
32817	1
32819	106
32825	8
32828	5
328286744	1
32830	1
32835	48
32836	21
32837	23
32839	43
32903	1
32909	7
32937	9
32940	5
32950	2
32955	3
32958	4
32960	2
32963	6
32966	4
33000	2
33004	1
33008	9
330080427	1
330085265	6
33009	44
33015	10
33016	1
33019	24
33020	14
33021	39
33023	5
33025	6
33026	2
33027	7
33028	1
33029	5
33031	2
33036	3
33037	5
330394024	2
33040	5
33050	41
33060	2
33061	2
33062	26
33063	16
33064	97
33065	6
33066	10
33067	51
33069	5
330691319	3
33071	39
33073	3
33075	4
33076	17
330814900	14
33082	4
33096	2
33102	2
33106	3
33109	13
33113	3
33125	5
33126	1
33127	6
33129	21
33130	2
33131	200
33132	6
33133	36
33134	59
33137	16
33138	17
33139	86
331393389	1
33140	88
331402586	1
33141	14
33143	42
33145	7
33146	17
33147	4
33149	33
33154	39
33155	5
33156	9
33157	22
33158	7
33160	82
33162	22
33165	2
33166	9
33169	9
33173	1
33175	3
33176	4
33178	35
33179	28
33180	34
331802813	15
33181	3
33182	20
33185	3
33187	1
33301	22
33304	21
33305	2
33306	3
33308	17
33309	4
33311	7
33312	23
33313	1
33314	11
33315	4
33316	5
33317	2
33319	64
33320	2
33321	20
33322	29
33323	4
33324	4
33326	1
33327	1
33328	2
33330	27
33332	29
33333	1
33338	8
33351	1
33355	6
33401	89
33404	9
33408	15
33409	3
33410	81
33411	11
33412	18
33414	23
33415	1
33417	4
33418	100
33420	1
33421	6
33425	1
33426	3
33428	8
33429	3
33431	10
33432	40
33433	46
33434	53
334345154	3
33435	5
33436	41
33437	59
33441	28
33442	14
33444	2
33445	25
33446	42
33449	10
33452	6
33455	21
33458	64
33463	2
33467	47
33469	20
33472	3
33473	4
33474	4
33477	19
33480	226
334800887	3
33481	7
33483	21
33484	49
33486	2
33487	252
334873105	7
33496	38
334962736	1
33498	27
33505	5
33548	3
33549	2
33556	2
33558	2
33568	2
33578	2
33595	2
335967812	4
33602	19
33605	11
33606	11
33607	13
33610	4
33613	1
33614	6
33618	11
33624	3
33625	1
33629	4
33634	17
33637	11
33647	7
33702	1
33703	1
33705	3
33706	7
33707	21
33708	2
33709	3
33710	14
33714	2
33715	12
33736	4
33755	2
33756	2
33759	1
33760	1
33763	4
33764	1
33767	3
33770	2
33771	3
33837	4
33904	4
33905	2
33908	2
33914	21
339145958	2
33919	22
33923	1
33924	7
33928	4
33932	1
33935	9
33936	6
33940	5
33952	3
33955	26
33957	2
33962	1
33966	2
33975	4
33991	1
33999	1
34102	8
341027004	25
34103	3
34108	4
34109	4
34110	6
34112	1
34119	13
34134	1
34135	3
34145	14
341456655	2
34201	24
34204	1
34205	6
34209	1
34210	2
34217	6
34223	14
34228	16
34231	4
34232	16
34234	4
34236	60
34237	2
34239	5
34240	29
34242	5
34243	5
34287	1
34322	1
34373	3
34442	14
34461	1
34465	6
34470	4
34473	1
34481	3
34482	6
34599	1
34606	3
34607	3
34608	3
34609	6
34620	1
34630	4
34643	2
34652	8
34653	2
34667	1
34668	3
34669	4
34677	1
34684	6
34689	8
34694	1
34698	1
34711	4
34731	5
34734	4
34744	2
34746	2
34748	4
34758	1
34761	2
34772	1
34786	10
34787	1
34794	1
34952	5
34953	5
34957	2
34983	1
34984	2
34990	5
34994	280
34996	5
34997	2
35020	2
35126	2
35211	2
35242	14
35653	3
35803	8
36104	2
36111	1
36344	9
37027	7
37037	1
37067	2
370697076	4
37202	2
37203	9
37204	4
37205	3
37209	3
37212	21
37215	1
37217	4
37230	1
37405	6
37777	1
37811	1
37819	1
37902	3
37918	31
37932	3
38024	2
38101	1
38103	207
38116	2
38117	27
38118	40
38119	6
38123	2
38125	34
381257713	2
38132	3
38133	1
38137	1
381941841	1
38339	1
38434	1
39759	1
40021	3
40023	2
40035	1
401761500	4
40202	85
40208	1
40213	40
40214	1
40222	1
40223	1
40232	24
40307	1
40452	1
41000	1
41155	1
413	1
41429	1
41565	1
41770	4
41934	1
42117	1
4214124	1
42164	7
42301	5
42303	1
42429	1
43016	2
43017	22
43054	14
43068	4
43083	2
43125	1
43205	2
43206	76
43207	2
43209	12
43212	2
43215	165
43216	18
432161498	2
43218	1
43219	12
432215	4
432244550	4
43230	150
43231	4
43235	8
43240	131
432402050	4
43275	1
43420	4
43538	9
44022	1
44060	12
44087	10
44102	3
44108	2
44113	18
44114	30
44118	2
44121	7
44122	26
44124	201
44130	23
441308011	1
44131	2
44132	4
44139	18
441392769	6
44141	3
44142	1
44143	7
44145	6
44146	2
44215	1
44223	1
44281	2
44310	2
44333	3
44357	2
44428	2
44444	1
44483	1
44512	4
44568	1
44583	9
44691	7
44721	3
450040	2
45014	1
45040	6
45133	1
45177	1
45201	18
45202	720
45220	3
45227	1
45237	1
45240	4
452429580	2
45249	2
45323	22
45702	86
458061579	2
45840	4
45911	1
459990023	1
46011	3
46032	1
46077	3
46112	7
46142	1
46203	8
46204	7
46207	2
46214	5
46218	2
46235	6
46237	9
46240	38
46241	1
46256	6
46268	25
46322	2
46503	2
46516	10
46528	6
46614	1
46952	11
47201	4
47274	3
47901	4
48009	7
48013	2
48034	2
48072	1
48075	2
48084	26
48090	1
48091	1
48098	7
48103	14
48104	28
48105	122
48106	16
48108	2
48126	24
48127	3
48150	2
48152	11
481672751	3
48188	2
48202	6
48227	2
48230	2
48234	3
48236	1
48237	3
48265	40
482652000	9
48302	1
48304	5
48314	3
48326	3
48334	1
48342	3
48375	27
48403	1
48502	5
48818	4
48842	1
48843	1
48911	87
49103	2
49418	3
49424	5
49508	6
49512	27
49802	3
50265	1
50266	2
50309	1
50328	7
50392	21
50557	2
51116	2
5149	1
516362455	1
516477312	1
516481854	1
516589300	3
516739693	1
516768018	1
516806004	1
516884621	1
52499	23
524995553	3
52556	24
53044	2
53051	49
53074	2
53089	6
53151	1
53191	5
53202	66
53211	2
53217	2
53224	6
53225	2
53511	2
53551	3
535624039	8
53711	11
53714	3
53716	3
54150	3
5423	1
54956	21
55012	34
55043	3
55057	3
55066	3
55104	5
55116	3
55118	14
55121	1
55126	2
55130	2
55305	12
55343	2
55344	7
55347	1
55391	3
55401	7
55402	30
55403	252
55405	4
55408	3
55415	2
55423	8
55432	4
55435	20
55437	1
55439	43
55440	5
55444	1
55445	1
55555	17
56201	2
56822	6
57104	3
57631	1
58125	1
58601	5
59715	1
6	2
60010	164
60015	360
60018	1
60022	3
60025	8
60028	8
60035	183
60045	57
60047	12
60051	3
60056	1
60062	58
60064	4
60069	8
60070	4
60077	20
60089	3
60091	22
60098	1
60101	4
60102	5
60125	6
60126	11
60154	2
60156	1
60173	2
60176	1
60179	59
60188	4
60191	4
60192	1
60195	1
60201	7
60202	17
60255	2
60305	3
60430	1
60440	177
60446	1
60521	79
60523	371
60532	9
60538	1
60540	2
60555	66
60563	7
60566	2
60601	143
606012886	1
60602	11
60603	61
60606	925
606060521	2
60607	42
606072101	6
60608	1
60610	30
60611	258
60612	1
60614	20
606142616	2
60615	5
60618	29
60622	11
60631	13
606313512	22
60640	7
60645	1
60646	2
60654	9
60657	16
60659	5
60661	8
60680	89
60684	6
60690	2
60714	2
60854	2
61000	16
61002	1
61008	10
61016	1
61054	1
61111	6
61114	3
61201	2
61406	1
61614	3
61710	8
617100001	3
61771	1
61820	2
61821	2
62110	1
62274	3
630054481	1
63011	5
63026	2
63042	1
63101	8
63102	3
63104	5
63105	16
63117	1
63118	1
631243395	3
63130	4
63131	2
63141	9
63144	1
63146	6
63178	1
63215	6
63366	3
63368	4
64105	6
64106	27
64111	3
64131	2
64152	12
65202	13
65203	8
65205	55
65301	3
65813	4
66100	2
66202	5
66204	17
66207	4
66209	1
66210	4
66211	28
66213	4
66214	1
66251	7
66554	1
66601	15
67009	2
67201	2
67226	101
67302	4
67759	1
67932	6
68010	20
68154	8
68556	1
69631	1
70005	3
70008	1
70113	15
70118	5
70119	1
70124	4
70130	5
70204	1
70611	3
70632	1
71001	7
71111	1
71121	4
713772654	1
71464	2
718  9633	4
718234274	1
718260350	2
718266363	1
718266618	2
718270260	10
718280550	3
718327800	1
718337111	1
718371681	1
718386761	2
718391043	6
718391064	5
718392435	1
718402693	3
718409122	1
718421101	2
718437362	1
718461079	4
718464632	6
718465757	1
718478105	1
718479500	3
718499031	2
718527600	3
718590800	1
718620942	1
718622695	2
718631738	3
718655817	4
718666563	1
718705900	3
718727220	3
718737146	2
718764612	2
718783387	2
718805183	2
718834935	2
718840383	5
718895817	1
718899830	5
718937474	1
718943599	2
718965823	2
718998210	3
718999999	1
72116	3
72201	1
72202	2
72207	9
72223	4
72404	13
72564	1
72712	3
72758	2
72903	7
72917	2
73072	1
73118	9
73231	2
74117	4
74133	3
74135	13
74153	6
749070713	1
75001	6
750010000	1
75007	22
75008	9
750115032	1
75019	8
75023	15
75024	109
750244099	1
75029	4
75034	8
75038	5
75039	8
75051	2
75056	1
75062	135
75063	8
75067	7
75069	5
75074	26
75080	1
75087	6
75201	89
752012506	1
75204	3
75205	8
75207	11
75214	15
752141933	2
75217	7
75219	27
75221	2
75230	9
75231	59
752310437	2
752316437	1
75234	8
75237	1
75240	30
75247	1
75248	2
75251	4
75254	6
75266	3
75270	15
75301	5
75321	1
75356	1
75380	1
7562	2
76006	4
76008	2
76013	6
76017	1
76034	1
76051	64
76102	67
76114	2
76180	2
76185	11
76210	7
76226	8
76262	5
764503608	11
76666	11
77001	3
77002	85
770024415	1
77005	21
77006	1
77007	2
77008	14
77010	24
77019	38
77024	5
77025	16
77027	24
77040	2
77042	2
77046	10
77056	24
77057	16
77060	5
77067	52
77076	1
77079	12
77081	3
77092	35
77210	10
77219	4
77251	2
77254	5
77270	2
77375	3
77381	2
77401	2
77407	1
77433	9
77505	27
775456129	2
77702	1
78028	1
78130	1
78205	7
78209	9
78216	25
78229	4
78249	1
78251	1
78254	4
78265	1
78297	4
78471	7
78520	1
78537	16
78541	4
78633	1
78664	6
78701	21
78730	17
78739	18
78746	2
78759	1
79202	1
79602	1
79901	1
79902	2
80014	4
80021	1
80026	1
80033	1
80104	1
80110	8
80111	50
80112	106
80124	1
80129	95
80202	23
80204	19
80205	7
80206	15
80209	1
80215	2
80218	3
80220	4
80222	3
80231	7
80237	40
80239	1
80241	2
80265	7
80301	1
80302	14
80304	4
80305	1
80314	1
80401	30
804014086	1
80498	2
805037167	2
80516	1
80525	2
80723	2
80788	13
80903	18
80909	1
80919	6
80920	3
81435	6
81602	4
81611	34
81623	1
81631	13
81632	1
81654	10
81657	2
81658	1
82450	6
82513	3
83001	3
83012	7
83156	1
83278	2
83340	4
84003	3
84060	2
84070	6
84092	4
84098	3
84102	4
84103	13
84104	2
84107	1
84111	18
84121	155
841217033	1
84150	90
841500010	1
841502201	7
84151	11
84158	8
84159	1
84180	11
84705	2
84741	3
84771	2
85004	153
850041120	1
85009	1
85011	7
85012	2
85016	213
85018	1
85020	1
85021	1
85032	5
85036	1
85038	22
85043	1
85044	6
85050	1
85086	5
85223	1
85248	2
85253	24
85254	17
852542497	1
85255	17
85258	5
85260	24
85261	7
85262	2
85283	3
85327	20
85331	8
85340	3
85375	6
85377	2
85383	1
85611	1
85701	2
85704	28
85713	1
85716	5
85718	5
85737	10
85748	2
870479666	1
87048	3
87073	5
87109	1
87112	85
87114	1
87122	2
87401	1
87402	4
87501	3
87505	13
87506	5
87571	11
87594	4
88888	2
89014	3
89052	4
89074	2
89101	4
89103	17
891030128	3
89107	3
89108	4
89109	11
89117	17
89118	3
89120	11
891203751	5
89121	2
89123	5
89134	1
89135	1
89141	2
89145	14
89147	9
89183	4
89502	1
89503	11
89509	2
89521	1
89523	2
89704	4
89912	2
89917	2
90004	1
90008	2
90010	76
90013	4
90014	8
90015	7
90016	1
90017	68
90020	2
90021	16
90024	49
90025	86
900257536	6
90027	6
90028	27
90031	3
90034	4
90035	5
90036	27
90038	4
90039	4
90040	30
900403308	1
90042	4
90045	20
90046	100
90048	34
90049	8
90058	21
90064	36
90065	13
90066	14
90067	159
900674114	2
90068	2
90069	87
90071	202
90077	15
90084	5
90121	2
90202	3
90209	12
90210	81
90211	34
90212	101
902123480	4
90222	5
90230	22
90232	26
90237	4
90245	38
90247	9
90248	1
90249	6
90250	2
90254	10
90263	1
90265	4
90266	20
90272	10
90275	8
90277	1
90291	3
90292	2
90293	1
90302	1
90401	744
904012386	1
90402	49
90403	14
90404	84
90405	43
90406	13
90407	9
90420	1
90425	2
90505	3
90620	4
90630	2
90701	1
90702	46
90703	13
90802	5
90803	5
90804	1
90806	12
90807	2
90812	7
908539800	3
91001	6
91024	1
91030	3
91040	4
91101	21
91104	2
91106	4
91107	6
91108	4
911160305	1
91201	254
912019999	2
91202	9
91203	3
91207	2
91214	1
91221	4
91301	2
91302	8
91304	5
91307	5
91309	1
91311	1
91316	3
91326	2
91342	1
91352	1
91355	1
91356	12
91377	4
91403	59
91404	2
91405	22
91406	5
91411	3
91421	3
91423	72
91436	9
914725590	3
914771555	3
914935129	2
91505	3
91508	9
91521	106
915216768	1
91522	3
91604	18
91605	3
91606	2
91607	6
91608	17
91706	94
91710	1
91731	2
91740	1
91748	4
91754	2
917570089	2
91765	3
91776	4
917831309	2
91789	9
91801	2
91935	1
91978	5
92007	1
92008	18
92009	56
92011	9
92014	5
92020	18
92024	11
92025	12
92029	6
92037	14
92046	1
920460069	1
92067	18
92069	2
92075	25
92083	1
92101	5
92104	13
92107	1
92108	1
92109	6
92110	13
92116	1
92118	2
92121	5
92122	29
92126	1
92127	4
92128	7
92130	14
922253	1
92227	2
92253	16
92373	5
92392	5
92503	1
92603	2
92606	2
92612	3
92614	25
92618	26
92619	1
92625	5
92630	8
92648	2
92651	32
92653	2
92656	12
926562686	1
92660	34
92663	1
92672	6
92675	2
92677	3
92679	3
92691	2
92705	33
92707	2
92714	15
9277	5
92782	8
92807	6
92840	1
92880	1
92887	2
93003	7
93023	3
93045	1
93063	3
93065	3
93066	1
93067	4
93101	1
93103	3
93105	4
93110	3
93301	1
93401	4
93605	3
93607	1
93637	6
93638	1
93730	1
93940	2
94002	5
94005	3
94010	4
94015	2
94022	3
94024	4
94025	23
94027	7
94040	5
94043	3
94061	7
94062	1
94065	7
94080	4
94101	1
94103	18
94104	80
94105	33
941052907	1
94107	15
94108	58
94108`	1
94109	21
94110	13
94111	100
94115	4
94117	30
94118	11
94119	9
94121	3
94122	2
94123	6
94124	1
94129	4
94131	2
94132	14
94133	6
94138	8
94149	1
94301	56
94303	6
94306	7
94309	1
94313	1
94401	4
94402	2
94403	8
94507	3
94530	2
94533	1
94538	33
94559	1
94563	1
94568	56
94583	22
94596	9
94598	2
94608	27
94611	1
94612	22
94702	14
94704	5
94707	1
94708	1
94801	3
948041440	1
94904	9
94920	3
94925	3
94947	1
94952	4
94959	6
94970	7
95010	2
95014	10
95030	1
95070	1
95112	1
95120	2
95131	1
95148	11
95370	2
95402	1
95405	1
95472	8
95540	4
95604	2
95616	2
95691	3
95928	10
96040	2
96114	5
96146	2
96161	4
96168	6
96733	1
96740	6
96745	2
96813	5
96814	6
96825	4
96826	30
97005	6
97209	3
97210	2
97232	3
97301	5
97302	1
97403	1
97702	4
97755	7
97759	13
98004	38
98005	13
98006	7
98009	6
98011	2
98019	1
98027	56
98033	22
98035	1
98036	2
98040	2
98041	4
98052	8
98070	7
98072	29
98101	37
981014407	4
98102	1
98103	1
98104	9
98109	24
98111	1
98112	2
98121	1
98124	17
98161	11
98168	127
98382	1
98466	2
98702	12
98707	1
98765	1
99999	456
999999999	39
BÏ¿½\ZZZZZ\	1
`10027	1
Ï¿½	1
